STARTMETADATA
REVISEDDATA=FALSE
OBJECTNUMBER=5796
OBJECTNAME=1978 VK5
MPCDESIG=1978 VK5
SESSIONDATE=2010-03-20
SESSIONTIME=06:05:30
CONTACTNAME=A. Waszczak
CONTACTINFO=awaszczak@gmail.com
OBSERVERS=Waszczak, A. Chang, C.-K., 11 co-authors
OBSLONGITUDE=-116.8639
OBSLATITUDE=33.3558
OBJECTRA=07:15
OBJECTDEC=+23
PHASE=+22.96
PABL=+118.6
PABB=+1.3
FILTER=SG
MAGBAND=SG
CICORRECTION=FALSE
CIBAND=NONE
CITARGET=0.000
DIFFERMAGS=FALSE
MAGADJUST=0.0
STANDARD=INTERNAL
LTCAPP=NONE
LTCDAYS=0.0
LTCTYPE=NONE
REDUCEDMAGS=NONE
UCORMAG=0.0
PUBLICATION=(2016) Astron. J. 150, A75
BIBCODE=2016AJ....150...75W
COMMENT=Earth/Sun distances (AU): 1.9341/2.4306
DELIMITER=PIPE
ENDMETADATA
DATA=2455275.64191|18.577|0.029|
DATA=2455275.64946|18.491|0.029|
DATA=2455275.65613|18.430|0.027|
DATA=2455275.66282|18.443|0.027|
DATA=2455275.66954|18.340|0.025|
DATA=2455275.67627|18.270|0.025|
DATA=2455275.68301|18.291|0.025|
DATA=2455275.68977|18.278|0.025|
DATA=2455275.69654|18.312|0.025|
DATA=2455275.70334|18.361|0.026|
DATA=2455275.71016|18.506|0.029|
DATA=2455275.71698|18.655|0.032|
DATA=2455275.72385|18.758|0.035|
DATA=2455275.73130|18.779|0.034|
DATA=2455275.73813|18.643|0.030|
DATA=2455275.74500|18.528|0.027|
DATA=2455275.75187|18.456|0.027|
DATA=2455275.75877|18.390|0.027|
DATA=2455275.76568|18.283|0.024|
DATA=2455275.77263|18.286|0.025|
DATA=2455275.77958|18.277|0.026|
DATA=2455275.78662|18.356|0.028|
DATA=2455275.79362|18.431|0.034|
DATA=2455275.80062|18.522|0.037|
DATA=2455275.80767|18.502|0.040|
DATA=2455275.81472|18.442|0.041|
DATA=2455275.82178|18.435|0.039|
DATA=2455275.82887|18.409|0.039|
DATA=2455275.83479|18.325|0.037|
DATA=2455275.83948|18.284|0.042|
DATA=2455275.84304|18.086|0.039|
DATA=2455275.84423|18.104|0.038|
DATA=2455275.84541|18.140|0.039|
DATA=2455275.84659|18.161|0.039|
ENDDATA
