STARTMETADATA
REVISEDDATA=FALSE
OBJECTNUMBER=108522
OBJECTNAME=2001 LQ
MPCDESIG=2001 LQ
SESSIONDATE=2009-04-23
SESSIONTIME=07:56:00
CONTACTNAME=A. Waszczak
CONTACTINFO=awaszczak@gmail.com
OBSERVERS=Waszczak, A. Chang, C.-K., 11 co-authors
OBSLONGITUDE=-116.8639
OBSLATITUDE=33.3558
OBJECTRA=14:21
OBJECTDEC=+24
PHASE=+9.93
PABL=+204.7
PABB=+31.5
FILTER=SG
MAGBAND=SG
CICORRECTION=FALSE
CIBAND=NONE
CITARGET=0.000
DIFFERMAGS=FALSE
MAGADJUST=0.0
STANDARD=INTERNAL
LTCAPP=NONE
LTCDAYS=0.0
LTCTYPE=NONE
REDUCEDMAGS=NONE
UCORMAG=0.0
PUBLICATION=(2016) Astron. J. 150, A75
BIBCODE=2016AJ....150...75W
COMMENT=Earth/Sun distances (AU): 2.6977/3.5488
DELIMITER=PIPE
ENDMETADATA
DATA=2454944.66341|20.162|0.081|
DATA=2454944.67388|20.182|0.079|
DATA=2454944.68428|20.271|0.079|
DATA=2454944.69461|20.239|0.074|
DATA=2454944.70524|20.178|0.074|
DATA=2454944.71567|20.159|0.063|
DATA=2454944.72606|19.711|0.053|
DATA=2454944.73645|19.820|0.053|
DATA=2454944.74687|19.676|0.052|
DATA=2454944.75747|19.655|0.050|
DATA=2454944.78528|19.515|0.039|
DATA=2454944.79559|19.521|0.039|
DATA=2454944.80606|19.685|0.043|
DATA=2454944.81649|19.721|0.045|
DATA=2454944.82714|19.929|0.052|
DATA=2454944.83754|20.166|0.061|
DATA=2454944.84769|20.298|0.066|
DATA=2454944.85810|20.345|0.068|
DATA=2454944.87916|20.536|0.082|
DATA=2454944.88944|20.484|0.073|
DATA=2454944.90001|20.291|0.068|
DATA=2454944.91037|19.897|0.064|
DATA=2454944.92092|19.890|0.055|
DATA=2454944.93116|19.718|0.050|
DATA=2454944.94163|19.534|0.052|
DATA=2454944.95218|19.460|0.048|
DATA=2454944.96275|19.517|0.045|
DATA=2454944.97325|19.575|0.048|
DATA=2454944.98376|19.593|0.049|
DATA=2454944.99421|19.660|0.056|
ENDDATA
STARTMETADATA
REVISEDDATA=FALSE
OBJECTNUMBER=108522
OBJECTNAME=2001 LQ
MPCDESIG=2001 LQ
SESSIONDATE=2009-04-18
SESSIONTIME=07:52:57
CONTACTNAME=A. Waszczak
CONTACTINFO=awaszczak@gmail.com
OBSERVERS=Waszczak, A. Chang, C.-K., 11 co-authors
OBSLONGITUDE=-116.8639
OBSLATITUDE=33.3558
OBJECTRA=14:25
OBJECTDEC=+24
PHASE=+9.72
PABL=+205.0
PABB=+31.7
FILTER=SG
MAGBAND=SG
CICORRECTION=FALSE
CIBAND=NONE
CITARGET=0.000
DIFFERMAGS=FALSE
MAGADJUST=0.0
STANDARD=INTERNAL
LTCAPP=NONE
LTCDAYS=0.0
LTCTYPE=NONE
REDUCEDMAGS=NONE
UCORMAG=0.0
PUBLICATION=(2016) Astron. J. 150, A75
BIBCODE=2016AJ....150...75W
COMMENT=Earth/Sun distances (AU): 2.6976/3.5539
DELIMITER=PIPE
ENDMETADATA
DATA=2454939.68260|20.226|0.095|
DATA=2454939.69369|19.936|0.078|
DATA=2454939.70454|19.868|0.068|
DATA=2454939.71560|19.689|0.058|
DATA=2454939.72684|19.453|0.054|
DATA=2454939.73797|19.531|0.052|
DATA=2454939.74903|19.601|0.053|
DATA=2454939.76025|19.644|0.055|
DATA=2454939.77247|19.743|0.059|
DATA=2454939.80112|19.812|0.072|
DATA=2454939.81214|20.266|0.076|
DATA=2454939.82318|20.257|0.081|
DATA=2454939.83442|20.534|0.093|
DATA=2454939.84584|20.230|0.072|
DATA=2454939.85721|20.225|0.084|
DATA=2454939.88482|19.709|0.054|
DATA=2454939.89605|19.693|0.053|
DATA=2454939.90693|19.503|0.055|
DATA=2454939.91924|19.664|0.061|
DATA=2454939.92993|19.699|0.070|
DATA=2454939.94064|20.034|0.090|
DATA=2454939.95175|20.260|0.092|
DATA=2454939.96266|20.132|0.098|
DATA=2454939.97363|20.238|0.089|
ENDDATA
