STARTMETADATA
REVISEDDATA=FALSE
OBJECTNUMBER=108270
OBJECTNAME=2001 HL56
MPCDESIG=2001 HL56
SESSIONDATE=2014-01-30
SESSIONTIME=08:45:41
CONTACTNAME=A. Waszczak
CONTACTINFO=awaszczak@gmail.com
OBSERVERS=Waszczak, A. Chang, C.-K., 11 co-authors
OBSLONGITUDE=-116.8639
OBSLATITUDE=33.3558
OBJECTRA=08:31
OBJECTDEC=+00
PHASE=+5.40
PABL=+130.0
PABB=-14.8
FILTER=SG
MAGBAND=SG
CICORRECTION=FALSE
CIBAND=NONE
CITARGET=0.000
DIFFERMAGS=FALSE
MAGADJUST=0.0
STANDARD=INTERNAL
LTCAPP=NONE
LTCDAYS=0.0
LTCTYPE=NONE
REDUCEDMAGS=NONE
UCORMAG=0.0
PUBLICATION=(2016) Astron. J. 150, A75
BIBCODE=2016AJ....150...75W
COMMENT=Earth/Sun distances (AU): 2.1953/3.1487
DELIMITER=PIPE
ENDMETADATA
DATA=2456687.79861|19.909|0.099|
DATA=2456687.93152|20.042|0.097|
ENDDATA
STARTMETADATA
REVISEDDATA=FALSE
OBJECTNUMBER=108270
OBJECTNAME=2001 HL56
MPCDESIG=2001 HL56
SESSIONDATE=2014-01-26
SESSIONTIME=07:48:23
CONTACTNAME=A. Waszczak
CONTACTINFO=awaszczak@gmail.com
OBSERVERS=Waszczak, A. Chang, C.-K., 11 co-authors
OBSLONGITUDE=-116.8639
OBSLATITUDE=33.3558
OBJECTRA=08:34
OBJECTDEC=+00
PHASE=+5.61
PABL=+130.2
PABB=-14.9
FILTER=SG
MAGBAND=SG
CICORRECTION=FALSE
CIBAND=NONE
CITARGET=0.000
DIFFERMAGS=FALSE
MAGADJUST=0.0
STANDARD=INTERNAL
LTCAPP=NONE
LTCDAYS=0.0
LTCTYPE=NONE
REDUCEDMAGS=NONE
UCORMAG=0.0
PUBLICATION=(2016) Astron. J. 150, A75
BIBCODE=2016AJ....150...75W
COMMENT=Earth/Sun distances (AU): 2.2007/3.1510
DELIMITER=PIPE
ENDMETADATA
DATA=2456683.67600|20.122|0.088|
DATA=2456683.68298|20.050|0.084|
DATA=2456683.68998|20.235|0.083|
DATA=2456683.69695|19.999|0.085|
DATA=2456683.70394|20.088|0.075|
DATA=2456683.71092|20.299|0.094|
DATA=2456683.72489|20.449|0.086|
DATA=2456683.73887|20.278|0.088|
DATA=2456683.74586|20.187|0.076|
DATA=2456683.75987|20.104|0.070|
DATA=2456683.76688|19.995|0.070|
DATA=2456683.77387|20.245|0.084|
DATA=2456683.78093|20.449|0.079|
DATA=2456683.78795|20.508|0.096|
DATA=2456683.79544|20.363|0.072|
DATA=2456683.80246|20.245|0.080|
DATA=2456683.80951|19.998|0.065|
DATA=2456683.81655|20.085|0.064|
DATA=2456683.82360|20.204|0.063|
DATA=2456683.83063|20.216|0.067|
DATA=2456683.83769|20.548|0.090|
DATA=2456683.84476|20.679|0.095|
DATA=2456683.85182|20.517|0.088|
DATA=2456683.86444|20.383|0.082|
DATA=2456683.87131|20.189|0.072|
DATA=2456683.87814|20.068|0.079|
DATA=2456683.88687|20.066|0.084|
DATA=2456683.89370|20.277|0.074|
DATA=2456683.90054|20.441|0.091|
DATA=2456683.90738|20.422|0.084|
DATA=2456683.91422|20.351|0.088|
DATA=2456683.92105|20.315|0.082|
DATA=2456683.92789|20.247|0.077|
DATA=2456683.93474|20.289|0.078|
DATA=2456683.94159|20.088|0.086|
DATA=2456683.94844|20.193|0.100|
DATA=2456683.95528|20.199|0.087|
DATA=2456683.96220|20.324|0.092|
ENDDATA
