STARTMETADATA
REVISEDDATA=FALSE
OBJECTNUMBER=51033
OBJECTNAME=2000 GD122
MPCDESIG=2000 GD122
SESSIONDATE=2009-04-16
SESSIONTIME=10:12:22
CONTACTNAME=A. Waszczak
CONTACTINFO=awaszczak@gmail.com
OBSERVERS=Waszczak, A. Chang, C.-K., 11 co-authors
OBSLONGITUDE=-116.8639
OBSLATITUDE=33.3558
OBJECTRA=12:33
OBJECTDEC=+12
PHASE=+10.97
PABL=+187.5
PABB=+11.8
FILTER=R
MAGBAND=R
CICORRECTION=FALSE
CIBAND=NONE
CITARGET=0.000
DIFFERMAGS=FALSE
MAGADJUST=0.0
STANDARD=INTERNAL
LTCAPP=NONE
LTCDAYS=0.0
LTCTYPE=NONE
REDUCEDMAGS=NONE
UCORMAG=0.0
PUBLICATION=(2016) Astron. J. 150, A75
BIBCODE=2016AJ....150...75W
COMMENT=Earth/Sun distances (AU): 1.5136/2.4474
DELIMITER=PIPE
ENDMETADATA
DATA=2454937.71210|17.115|0.013|
DATA=2454937.75334|17.275|0.013|
DATA=2454937.76425|17.355|0.013|
DATA=2454937.77542|17.457|0.014|
DATA=2454937.78660|17.461|0.015|
DATA=2454937.79771|17.423|0.014|
DATA=2454937.80904|17.337|0.013|
DATA=2454937.82018|17.197|0.012|
DATA=2454937.85349|17.137|0.012|
DATA=2454937.86435|17.199|0.013|
DATA=2454937.87563|17.387|0.016|
DATA=2454937.88660|17.559|0.018|
DATA=2454937.89767|17.532|0.018|
DATA=2454937.90880|17.387|0.017|
DATA=2454937.93331|17.180|0.018|
DATA=2454937.94451|17.121|0.017|
DATA=2454937.95318|17.152|0.019|
DATA=2454937.95983|17.145|0.020|
DATA=2454937.96435|17.160|0.021|
DATA=2454937.96876|17.169|0.021|
DATA=2454937.97103|17.189|0.022|
DATA=2454937.97310|17.177|0.025|
DATA=2454937.97533|17.203|0.026|
DATA=2454937.97773|17.223|0.025|
DATA=2454937.98000|17.202|0.026|
DATA=2454937.98232|17.240|0.028|
DATA=2454937.98457|17.291|0.030|
DATA=2454937.98681|17.253|0.030|
DATA=2454937.99127|17.334|0.033|
DATA=2454937.99341|17.354|0.035|
DATA=2454937.99568|17.435|0.038|
DATA=2454937.99785|17.389|0.039|
DATA=2454938.00008|17.400|0.041|
DATA=2454938.00230|17.448|0.047|
DATA=2454938.00446|17.325|0.060|
DATA=2454938.00674|17.458|0.065|
DATA=2454938.00890|17.559|0.080|
DATA=2454938.01113|17.615|0.070|
DATA=2454938.01334|17.509|0.086|
ENDDATA
