STARTMETADATA
REVISEDDATA=FALSE
OBJECTNUMBER=105832
OBJECTNAME=2000 SM148
MPCDESIG=2000 SM148
SESSIONDATE=2011-06-23
SESSIONTIME=07:43:36
CONTACTNAME=A. Waszczak
CONTACTINFO=awaszczak@gmail.com
OBSERVERS=Waszczak, A. Chang, C.-K., 11 co-authors
OBSLONGITUDE=-116.8639
OBSLATITUDE=33.3558
OBJECTRA=19:48
OBJECTDEC=-14
PHASE=+12.34
PABL=+290.3
PABB=+5.1
FILTER=R
MAGBAND=R
CICORRECTION=FALSE
CIBAND=NONE
CITARGET=0.000
DIFFERMAGS=FALSE
MAGADJUST=0.0
STANDARD=INTERNAL
LTCAPP=NONE
LTCDAYS=0.0
LTCTYPE=NONE
REDUCEDMAGS=NONE
UCORMAG=0.0
PUBLICATION=(2016) Astron. J. 150, A75
BIBCODE=2016AJ....150...75W
COMMENT=Earth/Sun distances (AU): 1.1013/2.0646
DELIMITER=PIPE
ENDMETADATA
DATA=2455735.77524|19.395|0.074|
DATA=2455735.86866|18.263|0.032|
ENDDATA
STARTMETADATA
REVISEDDATA=FALSE
OBJECTNUMBER=105832
OBJECTNAME=2000 SM148
MPCDESIG=2000 SM148
SESSIONDATE=2011-06-22
SESSIONTIME=09:39:31
CONTACTNAME=A. Waszczak
CONTACTINFO=awaszczak@gmail.com
OBSERVERS=Waszczak, A. Chang, C.-K., 11 co-authors
OBSLONGITUDE=-116.8639
OBSLATITUDE=33.3558
OBJECTRA=19:48
OBJECTDEC=-14
PHASE=+12.76
PABL=+290.2
PABB=+5.0
FILTER=R
MAGBAND=R
CICORRECTION=FALSE
CIBAND=NONE
CITARGET=0.000
DIFFERMAGS=FALSE
MAGADJUST=0.0
STANDARD=INTERNAL
LTCAPP=NONE
LTCDAYS=0.0
LTCTYPE=NONE
REDUCEDMAGS=NONE
UCORMAG=0.0
PUBLICATION=(2016) Astron. J. 150, A75
BIBCODE=2016AJ....150...75W
COMMENT=Earth/Sun distances (AU): 1.1071/2.0662
DELIMITER=PIPE
ENDMETADATA
DATA=2455734.78284|18.317|0.036|
DATA=2455734.82276|18.502|0.041|
DATA=2455734.84651|18.969|0.064|
DATA=2455734.85760|19.181|0.082|
DATA=2455734.86498|19.523|0.087|
DATA=2455734.88289|19.473|0.089|
DATA=2455734.88402|19.498|0.082|
DATA=2455734.88522|19.346|0.093|
DATA=2455734.88755|19.467|0.079|
DATA=2455734.88996|19.299|0.077|
DATA=2455734.89112|19.275|0.072|
DATA=2455734.89228|19.103|0.070|
DATA=2455734.90442|18.950|0.058|
DATA=2455734.90556|18.915|0.058|
DATA=2455734.90669|18.905|0.056|
DATA=2455734.90905|18.864|0.052|
DATA=2455734.91016|18.804|0.050|
DATA=2455734.91127|18.905|0.063|
DATA=2455734.91240|18.873|0.054|
DATA=2455734.91357|18.777|0.051|
DATA=2455734.91468|18.691|0.050|
DATA=2455734.91588|18.749|0.049|
DATA=2455734.91699|18.742|0.050|
DATA=2455734.91811|18.781|0.052|
DATA=2455734.91929|18.693|0.053|
DATA=2455734.94163|18.400|0.043|
DATA=2455734.95982|18.391|0.038|
DATA=2455734.96696|18.336|0.043|
DATA=2455734.97466|18.360|0.051|
DATA=2455734.98439|18.413|0.083|
ENDDATA
STARTMETADATA
REVISEDDATA=FALSE
OBJECTNUMBER=105832
OBJECTNAME=2000 SM148
MPCDESIG=2000 SM148
SESSIONDATE=2011-06-21
SESSIONTIME=09:20:25
CONTACTNAME=A. Waszczak
CONTACTINFO=awaszczak@gmail.com
OBSERVERS=Waszczak, A. Chang, C.-K., 11 co-authors
OBSLONGITUDE=-116.8639
OBSLATITUDE=33.3558
OBJECTRA=19:49
OBJECTDEC=-14
PHASE=+13.22
PABL=+290.1
PABB=+5.0
FILTER=R
MAGBAND=R
CICORRECTION=FALSE
CIBAND=NONE
CITARGET=0.000
DIFFERMAGS=FALSE
MAGADJUST=0.0
STANDARD=INTERNAL
LTCAPP=NONE
LTCDAYS=0.0
LTCTYPE=NONE
REDUCEDMAGS=NONE
UCORMAG=0.0
PUBLICATION=(2016) Astron. J. 150, A75
BIBCODE=2016AJ....150...75W
COMMENT=Earth/Sun distances (AU): 1.1136/2.0680
DELIMITER=PIPE
ENDMETADATA
DATA=2455733.81329|19.165|0.077|
DATA=2455733.88481|18.395|0.043|
DATA=2455733.91237|18.577|0.048|
DATA=2455733.94625|19.055|0.096|
ENDDATA
