STARTMETADATA
REVISEDDATA=FALSE
OBJECTNUMBER=25783
OBJECTNAME=Brandontyler
MPCDESIG=2000 CM39
SESSIONDATE=2013-02-18
SESSIONTIME=06:59:19
CONTACTNAME=A. Waszczak
CONTACTINFO=awaszczak@gmail.com
OBSERVERS=Waszczak, A. Chang, C.-K., 11 co-authors
OBSLONGITUDE=-116.8639
OBSLATITUDE=33.3558
OBJECTRA=07:32
OBJECTDEC=+24
PHASE=+12.56
PABL=+117.1
PABB=+2.3
FILTER=R
MAGBAND=R
CICORRECTION=FALSE
CIBAND=NONE
CITARGET=0.000
DIFFERMAGS=FALSE
MAGADJUST=0.0
STANDARD=INTERNAL
LTCAPP=NONE
LTCDAYS=0.0
LTCTYPE=NONE
REDUCEDMAGS=NONE
UCORMAG=0.0
PUBLICATION=(2016) Astron. J. 150, A75
BIBCODE=2016AJ....150...75W
COMMENT=Earth/Sun distances (AU): 2.0101/2.8485
DELIMITER=PIPE
ENDMETADATA
DATA=2456341.63016|18.307|0.030|
DATA=2456341.64578|18.404|0.034|
DATA=2456341.66092|18.237|0.027|
DATA=2456341.67625|18.246|0.026|
DATA=2456341.69148|18.306|0.031|
DATA=2456341.72040|18.266|0.031|
DATA=2456341.73586|18.254|0.031|
DATA=2456341.75141|18.218|0.029|
DATA=2456341.76693|18.319|0.030|
DATA=2456341.78249|18.389|0.032|
DATA=2456341.79759|18.223|0.029|
DATA=2456341.81114|18.225|0.027|
DATA=2456341.82622|18.307|0.027|
DATA=2456341.83980|18.308|0.030|
DATA=2456341.85491|18.340|0.030|
DATA=2456341.86849|18.336|0.027|
DATA=2456341.88211|18.251|0.025|
DATA=2456341.89657|18.232|0.024|
DATA=2456341.91105|18.292|0.026|
DATA=2456341.92557|18.370|0.031|
DATA=2456341.94004|18.409|0.035|
ENDDATA
STARTMETADATA
REVISEDDATA=FALSE
OBJECTNUMBER=25783
OBJECTNAME=Brandontyler
MPCDESIG=2000 CM39
SESSIONDATE=2013-02-17
SESSIONTIME=07:11:31
CONTACTNAME=A. Waszczak
CONTACTINFO=awaszczak@gmail.com
OBSERVERS=Waszczak, A. Chang, C.-K., 11 co-authors
OBSLONGITUDE=-116.8639
OBSLATITUDE=33.3558
OBJECTRA=07:32
OBJECTDEC=+24
PHASE=+12.25
PABL=+117.1
PABB=+2.3
FILTER=R
MAGBAND=R
CICORRECTION=FALSE
CIBAND=NONE
CITARGET=0.000
DIFFERMAGS=FALSE
MAGADJUST=0.0
STANDARD=INTERNAL
LTCAPP=NONE
LTCDAYS=0.0
LTCTYPE=NONE
REDUCEDMAGS=NONE
UCORMAG=0.0
PUBLICATION=(2016) Astron. J. 150, A75
BIBCODE=2016AJ....150...75W
COMMENT=Earth/Sun distances (AU): 2.0001/2.8469
DELIMITER=PIPE
ENDMETADATA
DATA=2456340.66402|18.213|0.024|
DATA=2456340.68045|18.238|0.024|
DATA=2456340.69722|18.281|0.025|
DATA=2456340.71366|18.234|0.023|
DATA=2456340.72876|18.139|0.022|
DATA=2456340.74532|18.231|0.024|
DATA=2456340.76043|18.324|0.025|
DATA=2456340.77604|18.348|0.025|
DATA=2456340.80687|18.251|0.023|
DATA=2456340.82251|18.278|0.024|
DATA=2456340.83828|18.338|0.025|
DATA=2456340.85391|18.240|0.023|
DATA=2456340.86964|18.167|0.021|
DATA=2456340.88569|18.237|0.025|
DATA=2456340.90132|18.279|0.028|
DATA=2456340.91726|18.334|0.029|
DATA=2456340.93298|18.155|0.030|
ENDDATA
