STARTMETADATA
REVISEDDATA=FALSE
OBJECTNUMBER=8649
OBJECTNAME=Juglans
MPCDESIG=1989 SS2
SESSIONDATE=2014-02-22
SESSIONTIME=07:39:05
CONTACTNAME=A. Waszczak
CONTACTINFO=awaszczak@gmail.com
OBSERVERS=Waszczak, A. Chang, C.-K., 11 co-authors
OBSLONGITUDE=-116.8639
OBSLATITUDE=33.3558
OBJECTRA=10:11
OBJECTDEC=+12
PHASE=+1.40
PABL=+150.9
PABB=+0.9
FILTER=R
MAGBAND=R
CICORRECTION=FALSE
CIBAND=NONE
CITARGET=0.000
DIFFERMAGS=FALSE
MAGADJUST=0.0
STANDARD=INTERNAL
LTCAPP=NONE
LTCDAYS=0.0
LTCTYPE=NONE
REDUCEDMAGS=NONE
UCORMAG=0.0
PUBLICATION=(2016) Astron. J. 150, A75
BIBCODE=2016AJ....150...75W
COMMENT=Earth/Sun distances (AU): 1.3578/2.3461
DELIMITER=PIPE
ENDMETADATA
DATA=2456710.65494|17.371|0.015|
DATA=2456710.66973|17.401|0.014|
DATA=2456710.68540|17.438|0.013|
DATA=2456710.70108|17.478|0.014|
DATA=2456710.71681|17.574|0.014|
DATA=2456710.73252|17.598|0.014|
DATA=2456710.74827|17.519|0.013|
DATA=2456710.79523|17.434|0.011|
DATA=2456710.81059|17.430|0.012|
DATA=2456710.82596|17.534|0.012|
DATA=2456710.84419|17.590|0.014|
DATA=2456710.85975|17.566|0.013|
DATA=2456710.87539|17.490|0.013|
DATA=2456710.88994|17.461|0.016|
DATA=2456710.90589|17.409|0.015|
DATA=2456710.93663|17.425|0.014|
DATA=2456710.95054|17.516|0.017|
DATA=2456710.96628|17.609|0.018|
DATA=2456710.98835|17.600|0.019|
ENDDATA
STARTMETADATA
REVISEDDATA=FALSE
OBJECTNUMBER=8649
OBJECTNAME=Juglans
MPCDESIG=1989 SS2
SESSIONDATE=2014-02-21
SESSIONTIME=07:41:48
CONTACTNAME=A. Waszczak
CONTACTINFO=awaszczak@gmail.com
OBSERVERS=Waszczak, A. Chang, C.-K., 11 co-authors
OBSLONGITUDE=-116.8639
OBSLATITUDE=33.3558
OBJECTRA=10:12
OBJECTDEC=+12
PHASE=+0.90
PABL=+150.9
PABB=+0.9
FILTER=R
MAGBAND=R
CICORRECTION=FALSE
CIBAND=NONE
CITARGET=0.000
DIFFERMAGS=FALSE
MAGADJUST=0.0
STANDARD=INTERNAL
LTCAPP=NONE
LTCDAYS=0.0
LTCTYPE=NONE
REDUCEDMAGS=NONE
UCORMAG=0.0
PUBLICATION=(2016) Astron. J. 150, A75
BIBCODE=2016AJ....150...75W
COMMENT=Earth/Sun distances (AU): 1.3585/2.3471
DELIMITER=PIPE
ENDMETADATA
DATA=2456709.65841|17.321|0.016|
DATA=2456709.67365|17.349|0.018|
DATA=2456709.75129|17.440|0.059|
DATA=2456709.76656|17.405|0.035|
DATA=2456709.78198|17.351|0.016|
DATA=2456709.79756|17.283|0.019|
DATA=2456709.81332|17.421|0.019|
DATA=2456709.82999|17.457|0.029|
DATA=2456709.84569|17.542|0.028|
DATA=2456709.86057|17.452|0.031|
DATA=2456709.87613|17.384|0.031|
DATA=2456709.89109|17.430|0.028|
DATA=2456709.90607|17.388|0.024|
DATA=2456709.92170|17.353|0.025|
DATA=2456709.93663|17.430|0.034|
ENDDATA
STARTMETADATA
REVISEDDATA=FALSE
OBJECTNUMBER=8649
OBJECTNAME=Juglans
MPCDESIG=1989 SS2
SESSIONDATE=2014-02-20
SESSIONTIME=07:24:21
CONTACTNAME=A. Waszczak
CONTACTINFO=awaszczak@gmail.com
OBSERVERS=Waszczak, A. Chang, C.-K., 11 co-authors
OBSLONGITUDE=-116.8639
OBSLATITUDE=33.3558
OBJECTRA=10:13
OBJECTDEC=+12
PHASE=+0.50
PABL=+151.0
PABB=+0.8
FILTER=R
MAGBAND=R
CICORRECTION=FALSE
CIBAND=NONE
CITARGET=0.000
DIFFERMAGS=FALSE
MAGADJUST=0.0
STANDARD=INTERNAL
LTCAPP=NONE
LTCDAYS=0.0
LTCTYPE=NONE
REDUCEDMAGS=NONE
UCORMAG=0.0
PUBLICATION=(2016) Astron. J. 150, A75
BIBCODE=2016AJ....150...75W
COMMENT=Earth/Sun distances (AU): 1.3595/2.3481
DELIMITER=PIPE
ENDMETADATA
DATA=2456708.66500|17.301|0.018|
DATA=2456708.68122|17.394|0.017|
DATA=2456708.69745|17.440|0.016|
DATA=2456708.71254|17.486|0.015|
DATA=2456708.72765|17.398|0.014|
DATA=2456708.74275|17.398|0.013|
DATA=2456708.75789|17.350|0.013|
DATA=2456708.77305|17.293|0.014|
DATA=2456708.78822|17.321|0.014|
DATA=2456708.81450|17.472|0.017|
DATA=2456708.82983|17.424|0.018|
DATA=2456708.84525|17.404|0.016|
DATA=2456708.86061|17.362|0.015|
DATA=2456708.89187|17.310|0.017|
DATA=2456708.91645|17.290|0.018|
DATA=2456708.93525|17.414|0.023|
DATA=2456708.94989|17.531|0.026|
DATA=2456708.96500|17.510|0.029|
ENDDATA
