STARTMETADATA
REVISEDDATA=FALSE
OBJECTNUMBER=368277
OBJECTNAME=2002 JX9
MPCDESIG=2002 JX9
SESSIONDATE=2009-05-01
SESSIONTIME=08:14:52
CONTACTNAME=A. Waszczak
CONTACTINFO=awaszczak@gmail.com
OBSERVERS=Waszczak, A. Chang, C.-K., 11 co-authors
OBSLONGITUDE=-116.8639
OBSLATITUDE=33.3558
OBJECTRA=14:52
OBJECTDEC=+22
PHASE=+17.20
PABL=+214.6
PABB=+29.0
FILTER=SG
MAGBAND=SG
CICORRECTION=FALSE
CIBAND=NONE
CITARGET=0.000
DIFFERMAGS=FALSE
MAGADJUST=0.0
STANDARD=INTERNAL
LTCAPP=NONE
LTCDAYS=0.0
LTCTYPE=NONE
REDUCEDMAGS=NONE
UCORMAG=0.0
PUBLICATION=(2016) Astron. J. 150, A75
BIBCODE=2016AJ....150...75W
COMMENT=Earth/Sun distances (AU): 1.2241/2.1098
DELIMITER=PIPE
ENDMETADATA
DATA=2454952.83612|20.062|0.095|
DATA=2454952.84365|19.980|0.068|
DATA=2454952.85122|20.022|0.073|
ENDDATA
STARTMETADATA
REVISEDDATA=FALSE
OBJECTNUMBER=368277
OBJECTNAME=2002 JX9
MPCDESIG=2002 JX9
SESSIONDATE=2009-04-30
SESSIONTIME=09:17:04
CONTACTNAME=A. Waszczak
CONTACTINFO=awaszczak@gmail.com
OBSERVERS=Waszczak, A. Chang, C.-K., 11 co-authors
OBSLONGITUDE=-116.8639
OBSLATITUDE=33.3558
OBJECTRA=14:53
OBJECTDEC=+22
PHASE=+17.14
PABL=+214.5
PABB=+29.1
FILTER=SG
MAGBAND=SG
CICORRECTION=FALSE
CIBAND=NONE
CITARGET=0.000
DIFFERMAGS=FALSE
MAGADJUST=0.0
STANDARD=INTERNAL
LTCAPP=NONE
LTCDAYS=0.0
LTCTYPE=NONE
REDUCEDMAGS=NONE
UCORMAG=0.0
PUBLICATION=(2016) Astron. J. 150, A75
BIBCODE=2016AJ....150...75W
COMMENT=Earth/Sun distances (AU): 1.2256/2.1116
DELIMITER=PIPE
ENDMETADATA
DATA=2454951.80850|20.067|0.069|
DATA=2454951.81558|20.005|0.066|
DATA=2454951.82266|20.209|0.071|
DATA=2454951.82976|20.325|0.077|
DATA=2454951.83688|20.394|0.084|
DATA=2454951.84403|20.651|0.094|
DATA=2454951.85120|20.748|0.095|
DATA=2454951.85839|20.367|0.078|
DATA=2454951.86560|20.384|0.080|
DATA=2454951.87283|20.188|0.073|
DATA=2454951.88047|20.013|0.069|
DATA=2454951.88815|19.976|0.064|
DATA=2454951.89546|19.919|0.060|
DATA=2454951.90278|20.006|0.072|
DATA=2454951.91014|19.972|0.069|
DATA=2454951.91752|20.279|0.087|
DATA=2454951.92492|20.419|0.089|
DATA=2454951.96352|20.213|0.083|
DATA=2454951.97102|20.208|0.100|
DATA=2454951.97854|19.905|0.083|
DATA=2454951.98609|19.920|0.082|
ENDDATA
