STARTMETADATA
REVISEDDATA=FALSE
OBJECTNUMBER=387135
OBJECTNAME=2012 TC196
MPCDESIG=2012 TC196
SESSIONDATE=2014-02-20
SESSIONTIME=05:06:29
CONTACTNAME=A. Waszczak
CONTACTINFO=awaszczak@gmail.com
OBSERVERS=Waszczak, A. Chang, C.-K., 11 co-authors
OBSLONGITUDE=-116.8639
OBSLATITUDE=33.3558
OBJECTRA=10:32
OBJECTDEC=+10
PHASE=+1.99
PABL=+155.0
PABB=+0.9
FILTER=R
MAGBAND=R
CICORRECTION=FALSE
CIBAND=NONE
CITARGET=0.000
DIFFERMAGS=FALSE
MAGADJUST=0.0
STANDARD=INTERNAL
LTCAPP=NONE
LTCDAYS=0.0
LTCTYPE=NONE
REDUCEDMAGS=NONE
UCORMAG=0.0
PUBLICATION=(2016) Astron. J. 150, A75
BIBCODE=2016AJ....150...75W
COMMENT=Earth/Sun distances (AU): 1.4134/2.4001
DELIMITER=PIPE
ENDMETADATA
DATA=2456708.65831|19.268|0.077|
DATA=2456708.67424|19.833|0.098|
DATA=2456708.70442|19.633|0.078|
DATA=2456708.71835|19.409|0.065|
DATA=2456708.73230|19.170|0.054|
DATA=2456708.78938|19.434|0.096|
ENDDATA
STARTMETADATA
REVISEDDATA=FALSE
OBJECTNUMBER=387135
OBJECTNAME=2012 TC196
MPCDESIG=2012 TC196
SESSIONDATE=2014-02-23
SESSIONTIME=07:56:58
CONTACTNAME=A. Waszczak
CONTACTINFO=awaszczak@gmail.com
OBSERVERS=Waszczak, A. Chang, C.-K., 11 co-authors
OBSLONGITUDE=-116.8639
OBSLATITUDE=33.3558
OBJECTRA=10:29
OBJECTDEC=+10
PHASE=+0.50
PABL=+155.0
PABB=+0.7
FILTER=R
MAGBAND=R
CICORRECTION=FALSE
CIBAND=NONE
CITARGET=0.000
DIFFERMAGS=FALSE
MAGADJUST=0.0
STANDARD=INTERNAL
LTCAPP=NONE
LTCDAYS=0.0
LTCTYPE=NONE
REDUCEDMAGS=NONE
UCORMAG=0.0
PUBLICATION=(2016) Astron. J. 150, A75
BIBCODE=2016AJ....150...75W
COMMENT=Earth/Sun distances (AU): 1.4080/2.3973
DELIMITER=PIPE
ENDMETADATA
DATA=2456711.67134|19.423|0.072|
DATA=2456711.68822|18.993|0.048|
DATA=2456711.70530|19.014|0.045|
DATA=2456711.72137|19.145|0.048|
DATA=2456711.73741|19.294|0.056|
DATA=2456711.75340|19.467|0.065|
DATA=2456711.76884|19.050|0.043|
DATA=2456711.78447|19.012|0.041|
DATA=2456711.79936|18.923|0.044|
DATA=2456711.81497|19.184|0.061|
DATA=2456711.83028|19.553|0.059|
DATA=2456711.84516|19.321|0.066|
DATA=2456711.86090|19.094|0.041|
DATA=2456711.87626|19.057|0.044|
DATA=2456711.89120|19.142|0.047|
DATA=2456711.90686|19.346|0.058|
DATA=2456711.92213|19.608|0.076|
DATA=2456711.93592|19.136|0.080|
DATA=2456711.95469|19.098|0.047|
DATA=2456711.98927|19.166|0.063|
DATA=2456711.99855|19.349|0.080|
ENDDATA
