STARTMETADATA
REVISEDDATA=FALSE
OBJECTNUMBER=204517
OBJECTNAME=2005 EL21
MPCDESIG=2005 EL21
SESSIONDATE=2013-02-18
SESSIONTIME=06:12:26
CONTACTNAME=A. Waszczak
CONTACTINFO=awaszczak@gmail.com
OBSERVERS=Waszczak, A. Chang, C.-K., 11 co-authors
OBSLONGITUDE=-116.8639
OBSLATITUDE=33.3558
OBJECTRA=06:53
OBJECTDEC=+21
PHASE=+21.90
PABL=+113.3
PABB=-1.4
FILTER=R
MAGBAND=R
CICORRECTION=FALSE
CIBAND=NONE
CITARGET=0.000
DIFFERMAGS=FALSE
MAGADJUST=0.0
STANDARD=INTERNAL
LTCAPP=NONE
LTCDAYS=0.0
LTCTYPE=NONE
REDUCEDMAGS=NONE
UCORMAG=0.0
PUBLICATION=(2016) Astron. J. 150, A75
BIBCODE=2016AJ....150...75W
COMMENT=Earth/Sun distances (AU): 1.1343/1.9457
DELIMITER=PIPE
ENDMETADATA
DATA=2456341.63354|18.466|0.031|
DATA=2456341.64915|18.601|0.034|
DATA=2456341.66430|18.413|0.031|
DATA=2456341.67964|18.334|0.028|
DATA=2456341.69510|18.539|0.033|
DATA=2456341.73924|18.335|0.031|
DATA=2456341.75479|18.486|0.033|
DATA=2456341.80097|18.362|0.029|
DATA=2456341.81453|18.345|0.029|
DATA=2456341.82962|18.523|0.034|
DATA=2456341.84320|18.537|0.034|
DATA=2456341.85832|18.402|0.035|
DATA=2456341.89996|18.455|0.039|
ENDDATA
STARTMETADATA
REVISEDDATA=FALSE
OBJECTNUMBER=204517
OBJECTNAME=2005 EL21
MPCDESIG=2005 EL21
SESSIONDATE=2013-02-17
SESSIONTIME=05:54:09
CONTACTNAME=A. Waszczak
CONTACTINFO=awaszczak@gmail.com
OBSERVERS=Waszczak, A. Chang, C.-K., 11 co-authors
OBSLONGITUDE=-116.8639
OBSLATITUDE=33.3558
OBJECTRA=06:52
OBJECTDEC=+20
PHASE=+21.59
PABL=+113.1
PABB=-1.5
FILTER=R
MAGBAND=R
CICORRECTION=FALSE
CIBAND=NONE
CITARGET=0.000
DIFFERMAGS=FALSE
MAGADJUST=0.0
STANDARD=INTERNAL
LTCAPP=NONE
LTCDAYS=0.0
LTCTYPE=NONE
REDUCEDMAGS=NONE
UCORMAG=0.0
PUBLICATION=(2016) Astron. J. 150, A75
BIBCODE=2016AJ....150...75W
COMMENT=Earth/Sun distances (AU): 1.1228/1.9417
DELIMITER=PIPE
ENDMETADATA
DATA=2456340.62086|18.413|0.027|
DATA=2456340.63656|18.308|0.025|
DATA=2456340.65175|18.297|0.024|
DATA=2456340.66740|18.570|0.030|
DATA=2456340.68383|18.443|0.027|
DATA=2456340.70060|18.377|0.024|
DATA=2456340.71704|18.307|0.026|
DATA=2456340.73215|18.497|0.027|
DATA=2456340.81027|18.465|0.028|
DATA=2456340.84167|18.356|0.026|
DATA=2456340.85731|18.466|0.029|
DATA=2456340.87304|18.470|0.030|
DATA=2456340.90473|18.231|0.031|
ENDDATA
STARTMETADATA
REVISEDDATA=FALSE
OBJECTNUMBER=204517
OBJECTNAME=2005 EL21
MPCDESIG=2005 EL21
SESSIONDATE=2013-02-16
SESSIONTIME=03:40:45
CONTACTNAME=A. Waszczak
CONTACTINFO=awaszczak@gmail.com
OBSERVERS=Waszczak, A. Chang, C.-K., 11 co-authors
OBSLONGITUDE=-116.8639
OBSLATITUDE=33.3558
OBJECTRA=06:52
OBJECTDEC=+20
PHASE=+21.25
PABL=+112.8
PABB=-1.6
FILTER=R
MAGBAND=R
CICORRECTION=FALSE
CIBAND=NONE
CITARGET=0.000
DIFFERMAGS=FALSE
MAGADJUST=0.0
STANDARD=INTERNAL
LTCAPP=NONE
LTCDAYS=0.0
LTCTYPE=NONE
REDUCEDMAGS=NONE
UCORMAG=0.0
PUBLICATION=(2016) Astron. J. 150, A75
BIBCODE=2016AJ....150...75W
COMMENT=Earth/Sun distances (AU): 1.1106/1.9374
DELIMITER=PIPE
ENDMETADATA
DATA=2456339.64549|18.623|0.041|
DATA=2456339.66110|18.384|0.034|
ENDDATA
STARTMETADATA
REVISEDDATA=FALSE
OBJECTNUMBER=204517
OBJECTNAME=2005 EL21
MPCDESIG=2005 EL21
SESSIONDATE=2013-02-15
SESSIONTIME=04:37:27
CONTACTNAME=A. Waszczak
CONTACTINFO=awaszczak@gmail.com
OBSERVERS=Waszczak, A. Chang, C.-K., 11 co-authors
OBSLONGITUDE=-116.8639
OBSLATITUDE=33.3558
OBJECTRA=06:52
OBJECTDEC=+20
PHASE=+20.93
PABL=+112.6
PABB=-1.7
FILTER=R
MAGBAND=R
CICORRECTION=FALSE
CIBAND=NONE
CITARGET=0.000
DIFFERMAGS=FALSE
MAGADJUST=0.0
STANDARD=INTERNAL
LTCAPP=NONE
LTCDAYS=0.0
LTCTYPE=NONE
REDUCEDMAGS=NONE
UCORMAG=0.0
PUBLICATION=(2016) Astron. J. 150, A75
BIBCODE=2016AJ....150...75W
COMMENT=Earth/Sun distances (AU): 1.1000/1.9337
DELIMITER=PIPE
ENDMETADATA
DATA=2456338.63577|18.097|0.041|
DATA=2456338.66744|18.502|0.064|
DATA=2456338.68295|18.369|0.047|
DATA=2456338.71651|18.443|0.074|
DATA=2456338.76070|18.220|0.051|
ENDDATA
