STARTMETADATA
REVISEDDATA=FALSE
OBJECTNUMBER=248227
OBJECTNAME=2005 ES207
MPCDESIG=2005 ES207
SESSIONDATE=2013-02-18
SESSIONTIME=06:49:02
CONTACTNAME=A. Waszczak
CONTACTINFO=awaszczak@gmail.com
OBSERVERS=Waszczak, A. Chang, C.-K., 11 co-authors
OBSLONGITUDE=-116.8639
OBSLATITUDE=33.3558
OBJECTRA=07:38
OBJECTDEC=+22
PHASE=+12.52
PABL=+118.8
PABB=+0.8
FILTER=R
MAGBAND=R
CICORRECTION=FALSE
CIBAND=NONE
CITARGET=0.000
DIFFERMAGS=FALSE
MAGADJUST=0.0
STANDARD=INTERNAL
LTCAPP=NONE
LTCDAYS=0.0
LTCTYPE=NONE
REDUCEDMAGS=NONE
UCORMAG=0.0
PUBLICATION=(2016) Astron. J. 150, A75
BIBCODE=2016AJ....150...75W
COMMENT=Earth/Sun distances (AU): 1.8907/2.7451
DELIMITER=PIPE
ENDMETADATA
DATA=2456341.64578|19.260|0.062|
DATA=2456341.66092|19.261|0.054|
DATA=2456341.67625|19.232|0.051|
DATA=2456341.69148|19.488|0.069|
DATA=2456341.70536|19.636|0.068|
DATA=2456341.72041|19.513|0.063|
DATA=2456341.73586|19.515|0.078|
DATA=2456341.75141|19.555|0.061|
DATA=2456341.76693|19.439|0.062|
DATA=2456341.78249|19.341|0.058|
DATA=2456341.79759|19.287|0.056|
DATA=2456341.83980|19.570|0.070|
DATA=2456341.85491|19.604|0.068|
DATA=2456341.86849|19.586|0.072|
DATA=2456341.88211|19.486|0.056|
DATA=2456341.89657|19.378|0.054|
DATA=2456341.91105|19.288|0.053|
DATA=2456341.92557|19.274|0.058|
ENDDATA
STARTMETADATA
REVISEDDATA=FALSE
OBJECTNUMBER=248227
OBJECTNAME=2005 ES207
MPCDESIG=2005 ES207
SESSIONDATE=2013-02-17
SESSIONTIME=06:37:48
CONTACTNAME=A. Waszczak
CONTACTINFO=awaszczak@gmail.com
OBSERVERS=Waszczak, A. Chang, C.-K., 11 co-authors
OBSLONGITUDE=-116.8639
OBSLATITUDE=33.3558
OBJECTRA=07:39
OBJECTDEC=+22
PHASE=+12.18
PABL=+118.8
PABB=+0.9
FILTER=R
MAGBAND=R
CICORRECTION=FALSE
CIBAND=NONE
CITARGET=0.000
DIFFERMAGS=FALSE
MAGADJUST=0.0
STANDARD=INTERNAL
LTCAPP=NONE
LTCDAYS=0.0
LTCTYPE=NONE
REDUCEDMAGS=NONE
UCORMAG=0.0
PUBLICATION=(2016) Astron. J. 150, A75
BIBCODE=2016AJ....150...75W
COMMENT=Earth/Sun distances (AU): 1.8814/2.7441
DELIMITER=PIPE
ENDMETADATA
DATA=2456340.61748|19.492|0.065|
DATA=2456340.63318|19.368|0.052|
DATA=2456340.64836|19.493|0.054|
DATA=2456340.66402|19.291|0.051|
DATA=2456340.68045|19.318|0.046|
DATA=2456340.69721|19.248|0.048|
DATA=2456340.71365|19.385|0.052|
DATA=2456340.74531|19.662|0.072|
DATA=2456340.76042|19.559|0.066|
DATA=2456340.77605|19.465|0.052|
DATA=2456340.79116|19.398|0.054|
DATA=2456340.82252|19.187|0.043|
DATA=2456340.83829|19.201|0.044|
DATA=2456340.85391|19.488|0.051|
DATA=2456340.86963|19.560|0.056|
DATA=2456340.88568|19.655|0.068|
DATA=2456340.90131|19.425|0.061|
DATA=2456340.91725|19.348|0.059|
DATA=2456340.93297|19.330|0.071|
ENDDATA
STARTMETADATA
REVISEDDATA=FALSE
OBJECTNUMBER=248227
OBJECTNAME=2005 ES207
MPCDESIG=2005 ES207
SESSIONDATE=2013-02-16
SESSIONTIME=05:19:32
CONTACTNAME=A. Waszczak
CONTACTINFO=awaszczak@gmail.com
OBSERVERS=Waszczak, A. Chang, C.-K., 11 co-authors
OBSLONGITUDE=-116.8639
OBSLATITUDE=33.3558
OBJECTRA=07:39
OBJECTDEC=+22
PHASE=+11.81
PABL=+118.8
PABB=+1.1
FILTER=R
MAGBAND=R
CICORRECTION=FALSE
CIBAND=NONE
CITARGET=0.000
DIFFERMAGS=FALSE
MAGADJUST=0.0
STANDARD=INTERNAL
LTCAPP=NONE
LTCDAYS=0.0
LTCTYPE=NONE
REDUCEDMAGS=NONE
UCORMAG=0.0
PUBLICATION=(2016) Astron. J. 150, A75
BIBCODE=2016AJ....150...75W
COMMENT=Earth/Sun distances (AU): 1.8719/2.7430
DELIMITER=PIPE
ENDMETADATA
DATA=2456339.64776|19.518|0.096|
DATA=2456339.66335|19.552|0.075|
DATA=2456339.68092|19.390|0.082|
DATA=2456339.77693|19.534|0.097|
DATA=2456339.84054|19.332|0.085|
ENDDATA
