STARTMETADATA
REVISEDDATA=FALSE
OBJECTNUMBER=21119
OBJECTNAME=1992 UJ
MPCDESIG=1992 UJ
SESSIONDATE=2014-02-21
SESSIONTIME=07:17:25
CONTACTNAME=A. Waszczak
CONTACTINFO=awaszczak@gmail.com
OBSERVERS=Waszczak, A. Chang, C.-K., 11 co-authors
OBSLONGITUDE=-116.8639
OBSLATITUDE=33.3558
OBJECTRA=09:43
OBJECTDEC=+12
PHASE=+3.31
PABL=+145.5
PABB=-1.0
FILTER=R
MAGBAND=R
CICORRECTION=FALSE
CIBAND=NONE
CITARGET=0.000
DIFFERMAGS=FALSE
MAGADJUST=0.0
STANDARD=INTERNAL
LTCAPP=NONE
LTCDAYS=0.0
LTCTYPE=NONE
REDUCEDMAGS=NONE
UCORMAG=0.0
PUBLICATION=(2016) Astron. J. 150, A75
BIBCODE=2016AJ....150...75W
COMMENT=Earth/Sun distances (AU): 1.5843/2.5664
DELIMITER=PIPE
ENDMETADATA
DATA=2456709.64337|18.707|0.042|
DATA=2456709.65289|18.764|0.041|
DATA=2456709.66907|18.588|0.035|
DATA=2456709.68546|18.408|0.038|
DATA=2456709.74672|18.218|0.098|
DATA=2456709.76198|18.097|0.049|
DATA=2456709.77738|18.016|0.023|
DATA=2456709.79281|18.000|0.018|
DATA=2456709.80869|18.038|0.024|
DATA=2456709.82362|18.138|0.039|
DATA=2456709.85483|18.246|0.048|
DATA=2456709.86973|18.411|0.066|
DATA=2456709.88531|18.477|0.078|
DATA=2456709.90030|18.601|0.065|
DATA=2456709.91527|18.737|0.065|
DATA=2456709.93088|18.634|0.079|
DATA=2456709.94583|18.566|0.095|
ENDDATA
STARTMETADATA
REVISEDDATA=FALSE
OBJECTNUMBER=21119
OBJECTNAME=1992 UJ
MPCDESIG=1992 UJ
SESSIONDATE=2014-02-20
SESSIONTIME=07:20:46
CONTACTNAME=A. Waszczak
CONTACTINFO=awaszczak@gmail.com
OBSERVERS=Waszczak, A. Chang, C.-K., 11 co-authors
OBSLONGITUDE=-116.8639
OBSLATITUDE=33.3558
OBJECTRA=09:43
OBJECTDEC=+12
PHASE=+2.84
PABL=+145.5
PABB=-1.0
FILTER=R
MAGBAND=R
CICORRECTION=FALSE
CIBAND=NONE
CITARGET=0.000
DIFFERMAGS=FALSE
MAGADJUST=0.0
STANDARD=INTERNAL
LTCAPP=NONE
LTCDAYS=0.0
LTCTYPE=NONE
REDUCEDMAGS=NONE
UCORMAG=0.0
PUBLICATION=(2016) Astron. J. 150, A75
BIBCODE=2016AJ....150...75W
COMMENT=Earth/Sun distances (AU): 1.5806/2.5644
DELIMITER=PIPE
ENDMETADATA
DATA=2456708.64333|18.165|0.034|
DATA=2456708.65715|18.073|0.028|
DATA=2456708.67310|18.052|0.031|
DATA=2456708.68935|18.051|0.028|
DATA=2456708.70558|17.973|0.026|
DATA=2456708.72068|17.965|0.024|
DATA=2456708.73695|18.062|0.027|
DATA=2456708.75325|18.057|0.026|
DATA=2456708.76840|18.152|0.027|
DATA=2456708.78357|18.262|0.030|
DATA=2456708.81564|18.498|0.041|
DATA=2456708.83098|18.656|0.047|
DATA=2456708.84640|18.650|0.043|
DATA=2456708.86174|18.412|0.039|
DATA=2456708.89300|18.304|0.039|
DATA=2456708.91417|18.062|0.035|
DATA=2456708.93050|17.962|0.036|
DATA=2456708.95103|18.078|0.048|
DATA=2456708.96613|18.021|0.047|
DATA=2456708.98098|18.024|0.083|
ENDDATA
STARTMETADATA
REVISEDDATA=FALSE
OBJECTNUMBER=21119
OBJECTNAME=1992 UJ
MPCDESIG=1992 UJ
SESSIONDATE=2014-02-11
SESSIONTIME=07:54:48
CONTACTNAME=A. Waszczak
CONTACTINFO=awaszczak@gmail.com
OBSERVERS=Waszczak, A. Chang, C.-K., 11 co-authors
OBSLONGITUDE=-116.8639
OBSLATITUDE=33.3558
OBJECTRA=09:52
OBJECTDEC=+11
PHASE=+1.62
PABL=+145.6
PABB=-0.9
FILTER=R
MAGBAND=R
CICORRECTION=FALSE
CIBAND=NONE
CITARGET=0.000
DIFFERMAGS=FALSE
MAGADJUST=0.0
STANDARD=INTERNAL
LTCAPP=NONE
LTCDAYS=0.0
LTCTYPE=NONE
REDUCEDMAGS=NONE
UCORMAG=0.0
PUBLICATION=(2016) Astron. J. 150, A75
BIBCODE=2016AJ....150...75W
COMMENT=Earth/Sun distances (AU): 1.5609/2.5462
DELIMITER=PIPE
ENDMETADATA
DATA=2456699.74391|18.023|0.061|
DATA=2456699.78467|17.783|0.034|
DATA=2456699.81598|17.876|0.028|
DATA=2456699.84626|17.919|0.030|
DATA=2456699.87700|18.104|0.032|
DATA=2456699.91055|18.397|0.039|
ENDDATA
