STARTMETADATA
REVISEDDATA=FALSE
OBJECTNUMBER=5949
OBJECTNAME=1985 RL3
MPCDESIG=1985 RL3
SESSIONDATE=2015-04-24
SESSIONTIME=13:34:00
CONTACTNAME=J. Oey
CONTACTINFO=julianoey1@optusnet.com.au
OBSERVERS=julianoey1@optusnet.com.au
OBSLONGITUDE=+150.341667
OBSLATITUDE=-33.706667
OBJECTRA=14:10
OBJECTDEC=-01
PHASE=+5.36
PABL=+211.8
PABB=+8.3
FILTER=C
MAGBAND=R
CICORRECTION=FALSE
CIBAND=NONE
CITARGET=+0.000
DIFFERMAGS=FALSE
MAGADJUST=0.0
STANDARD=INTERNAL
LTCAPP=NONE
LTCDAYS=-0.006336
LTCTYPE=NONE
REDUCEDMAGS=NONE
UCORMAG=-1.8067
PUBLICATION=
BIBCODE=
COMMENT=Heliocentric ecliptic longitude/latitude: +211.09/+10.86
COMMENT=Earth/Sun distances (AU): +2.0934/+1.0977
COMMENT=PSABA
COMMENT=Observer Instrumentation: 0.61m f6.8 CDK/Apogee U42
DELIMITER=PIPE
COMPNAME2=141031.33 -014314.5
COMPRA2=14:10:31.36
COMPDEC2=-01:43:14.2
COMPMAG2=+15.662
COMPCI2=+0.607
COMPNAME3=141101.38 -014000.3
COMPRA3=14:11:01.36
COMPDEC3=-01:40:00.1
COMPMAG3=+13.967
COMPCI3=+0.386
COMPNAME4=141011.33 -013851.4
COMPRA4=14:10:11.34
COMPDEC4=-01:38:50.9
COMPMAG4=+14.257
COMPCI4=+0.487
ENDMETADATA
DATA=2457137.012237|+15.425|+0.006|
DATA=2457137.013818|+15.449|+0.005|
DATA=2457137.040587|+15.578|+0.006|
DATA=2457137.065925|+15.588|+0.007|
DATA=2457137.092843|+15.451|+0.010|
DATA=2457137.094408|+15.400|+0.009|
DATA=2457137.119707|+15.521|+0.010|
ENDDATA
