STARTMETADATA
REVISEDDATA=FALSE
OBJECTNUMBER=388176
OBJECTNAME=2006 BH127
MPCDESIG=2006 BH127
SESSIONDATE=2014-02-22
SESSIONTIME=07:39:43
CONTACTNAME=A. Waszczak
CONTACTINFO=awaszczak@gmail.com
OBSERVERS=Waszczak, A. Chang, C.-K., 11 co-authors
OBSLONGITUDE=-116.8639
OBSLATITUDE=33.3558
OBJECTRA=10:15
OBJECTDEC=+11
PHASE=+0.73
PABL=+152.1
PABB=+0.4
FILTER=R
MAGBAND=R
CICORRECTION=FALSE
CIBAND=NONE
CITARGET=0.000
DIFFERMAGS=FALSE
MAGADJUST=0.0
STANDARD=INTERNAL
LTCAPP=NONE
LTCDAYS=0.0
LTCTYPE=NONE
REDUCEDMAGS=NONE
UCORMAG=0.0
PUBLICATION=(2016) Astron. J. 150, A75
BIBCODE=2016AJ....150...75W
COMMENT=Earth/Sun distances (AU): 1.3487/2.3377
DELIMITER=PIPE
ENDMETADATA
DATA=2456710.66746|19.440|0.074|
DATA=2456710.68200|19.672|0.077|
DATA=2456710.69767|19.980|0.090|
DATA=2456710.71340|19.568|0.072|
DATA=2456710.72910|19.500|0.062|
DATA=2456710.74486|19.275|0.063|
DATA=2456710.76165|19.285|0.065|
DATA=2456710.79262|19.878|0.078|
DATA=2456710.80782|19.314|0.065|
DATA=2456710.82320|19.481|0.061|
DATA=2456710.83873|19.582|0.068|
DATA=2456710.85572|19.373|0.056|
DATA=2456710.87127|19.650|0.067|
DATA=2456710.91928|19.368|0.087|
DATA=2456710.93431|19.423|0.063|
DATA=2456710.94822|19.232|0.073|
DATA=2456710.96395|19.320|0.081|
DATA=2456710.99532|19.581|0.096|
ENDDATA
STARTMETADATA
REVISEDDATA=FALSE
OBJECTNUMBER=388176
OBJECTNAME=2006 BH127
MPCDESIG=2006 BH127
SESSIONDATE=2014-02-23
SESSIONTIME=07:49:00
CONTACTNAME=A. Waszczak
CONTACTINFO=awaszczak@gmail.com
OBSERVERS=Waszczak, A. Chang, C.-K., 11 co-authors
OBSLONGITUDE=-116.8639
OBSLATITUDE=33.3558
OBJECTRA=10:15
OBJECTDEC=+11
PHASE=+1.26
PABL=+152.1
PABB=+0.5
FILTER=R
MAGBAND=R
CICORRECTION=FALSE
CIBAND=NONE
CITARGET=0.000
DIFFERMAGS=FALSE
MAGADJUST=0.0
STANDARD=INTERNAL
LTCAPP=NONE
LTCDAYS=0.0
LTCTYPE=NONE
REDUCEDMAGS=NONE
UCORMAG=0.0
PUBLICATION=(2016) Astron. J. 150, A75
BIBCODE=2016AJ....150...75W
COMMENT=Earth/Sun distances (AU): 1.3491/2.3377
DELIMITER=PIPE
ENDMETADATA
DATA=2456711.66240|19.467|0.088|
DATA=2456711.66564|19.677|0.083|
DATA=2456711.68106|19.393|0.060|
DATA=2456711.69811|19.380|0.061|
DATA=2456711.71214|19.585|0.072|
DATA=2456711.71327|19.421|0.056|
DATA=2456711.72824|19.967|0.088|
DATA=2456711.72937|19.693|0.073|
DATA=2456711.74541|19.766|0.074|
DATA=2456711.74655|19.795|0.066|
DATA=2456711.76138|19.474|0.061|
DATA=2456711.76253|19.604|0.054|
DATA=2456711.77685|19.584|0.063|
DATA=2456711.77799|19.461|0.053|
DATA=2456711.79248|19.504|0.057|
DATA=2456711.79363|19.483|0.052|
DATA=2456711.80738|19.500|0.095|
DATA=2456711.80853|19.487|0.078|
DATA=2456711.82298|19.676|0.079|
DATA=2456711.82413|19.821|0.069|
DATA=2456711.83944|20.001|0.091|
DATA=2456711.84057|19.795|0.060|
DATA=2456711.85318|19.618|0.061|
DATA=2456711.85431|19.711|0.057|
DATA=2456711.86892|19.471|0.057|
DATA=2456711.87006|19.440|0.050|
DATA=2456711.88430|19.333|0.062|
DATA=2456711.89994|19.510|0.061|
DATA=2456711.90108|19.558|0.060|
DATA=2456711.91524|19.722|0.087|
DATA=2456711.91638|19.729|0.083|
DATA=2456711.92902|19.902|0.087|
DATA=2456711.93018|20.093|0.098|
DATA=2456711.94897|19.611|0.079|
DATA=2456711.96268|19.564|0.068|
DATA=2456711.97406|19.201|0.062|
DATA=2456711.98432|19.567|0.079|
DATA=2456711.99383|19.742|0.094|
ENDDATA
