STARTMETADATA
REVISEDDATA=FALSE
OBJECTNUMBER=202858
OBJECTNAME=2008 TW117
MPCDESIG=2008 TW117
SESSIONDATE=2014-01-09
SESSIONTIME=09:42:24
CONTACTNAME=A. Waszczak
CONTACTINFO=awaszczak@gmail.com
OBSERVERS=Waszczak, A. Chang, C.-K., 11 co-authors
OBSLONGITUDE=-116.8639
OBSLATITUDE=33.3558
OBJECTRA=07:42
OBJECTDEC=+21
PHASE=+2.01
PABL=+112.7
PABB=+0.3
FILTER=R
MAGBAND=R
CICORRECTION=FALSE
CIBAND=NONE
CITARGET=0.000
DIFFERMAGS=FALSE
MAGADJUST=0.0
STANDARD=INTERNAL
LTCAPP=NONE
LTCDAYS=0.0
LTCTYPE=NONE
REDUCEDMAGS=NONE
UCORMAG=0.0
PUBLICATION=(2016) Astron. J. 150, A75
BIBCODE=2016AJ....150...75W
COMMENT=Earth/Sun distances (AU): 1.4034/2.3847
DELIMITER=PIPE
ENDMETADATA
DATA=2456666.74649|18.693|0.074|
DATA=2456666.89920|19.071|0.063|
DATA=2456666.93017|19.435|0.089|
DATA=2456667.04193|19.417|0.081|
ENDDATA
STARTMETADATA
REVISEDDATA=FALSE
OBJECTNUMBER=202858
OBJECTNAME=2008 TW117
MPCDESIG=2008 TW117
SESSIONDATE=2014-01-06
SESSIONTIME=07:40:57
CONTACTNAME=A. Waszczak
CONTACTINFO=awaszczak@gmail.com
OBSERVERS=Waszczak, A. Chang, C.-K., 11 co-authors
OBSLONGITUDE=-116.8639
OBSLATITUDE=33.3558
OBJECTRA=07:45
OBJECTDEC=+21
PHASE=+3.58
PABL=+112.6
PABB=+0.3
FILTER=R
MAGBAND=R
CICORRECTION=FALSE
CIBAND=NONE
CITARGET=0.000
DIFFERMAGS=FALSE
MAGADJUST=0.0
STANDARD=INTERNAL
LTCAPP=NONE
LTCDAYS=0.0
LTCTYPE=NONE
REDUCEDMAGS=NONE
UCORMAG=0.0
PUBLICATION=(2016) Astron. J. 150, A75
BIBCODE=2016AJ....150...75W
COMMENT=Earth/Sun distances (AU): 1.4096/2.3863
DELIMITER=PIPE
ENDMETADATA
DATA=2456663.64673|19.103|0.063|
DATA=2456663.66044|18.878|0.058|
DATA=2456663.67954|18.786|0.047|
DATA=2456663.69421|18.856|0.053|
DATA=2456663.70886|19.126|0.053|
DATA=2456663.72400|19.444|0.059|
DATA=2456663.73975|19.507|0.065|
DATA=2456663.75483|19.294|0.047|
DATA=2456663.76853|19.005|0.039|
DATA=2456663.78223|18.805|0.040|
DATA=2456663.79592|18.818|0.033|
DATA=2456663.80972|19.028|0.045|
DATA=2456663.82343|19.126|0.053|
DATA=2456663.83715|19.369|0.052|
DATA=2456663.85085|19.574|0.063|
DATA=2456663.86458|19.601|0.061|
DATA=2456663.87832|19.294|0.052|
DATA=2456663.89217|19.051|0.040|
DATA=2456663.91981|18.871|0.040|
DATA=2456663.93579|19.000|0.041|
DATA=2456663.94959|19.069|0.051|
DATA=2456663.96558|19.531|0.074|
DATA=2456663.97943|19.772|0.095|
DATA=2456664.02105|19.449|0.074|
ENDDATA
