STARTMETADATA
REVISEDDATA=FALSE
OBJECTNUMBER=140546
OBJECTNAME=2001 TZ194
MPCDESIG=2001 TZ194
SESSIONDATE=2014-02-23
SESSIONTIME=08:25:50
CONTACTNAME=A. Waszczak
CONTACTINFO=awaszczak@gmail.com
OBSERVERS=Waszczak, A. Chang, C.-K., 11 co-authors
OBSLONGITUDE=-116.8639
OBSLATITUDE=33.3558
OBJECTRA=10:36
OBJECTDEC=+09
PHASE=+0.99
PABL=+156.9
PABB=+0.4
FILTER=R
MAGBAND=R
CICORRECTION=FALSE
CIBAND=NONE
CITARGET=0.000
DIFFERMAGS=FALSE
MAGADJUST=0.0
STANDARD=INTERNAL
LTCAPP=NONE
LTCDAYS=0.0
LTCTYPE=NONE
REDUCEDMAGS=NONE
UCORMAG=0.0
PUBLICATION=(2016) Astron. J. 150, A75
BIBCODE=2016AJ....150...75W
COMMENT=Earth/Sun distances (AU): 1.9639/2.9525
DELIMITER=PIPE
ENDMETADATA
DATA=2456711.67134|18.718|0.043|
DATA=2456711.67991|18.777|0.044|
DATA=2456711.68822|18.903|0.042|
DATA=2456711.69583|18.951|0.045|
DATA=2456711.70530|19.105|0.048|
DATA=2456711.71099|18.977|0.047|
DATA=2456711.72137|18.979|0.041|
DATA=2456711.72709|18.876|0.041|
DATA=2456711.73741|18.765|0.033|
DATA=2456711.74312|18.628|0.033|
DATA=2456711.75340|18.689|0.031|
DATA=2456711.75910|18.610|0.032|
DATA=2456711.76884|18.555|0.029|
DATA=2456711.77457|18.603|0.031|
DATA=2456711.78447|18.714|0.030|
DATA=2456711.79020|18.726|0.032|
DATA=2456711.79936|18.802|0.037|
DATA=2456711.81497|18.963|0.071|
DATA=2456711.82070|18.978|0.048|
DATA=2456711.83715|18.987|0.042|
DATA=2456711.84516|18.952|0.036|
DATA=2456711.85089|18.770|0.039|
DATA=2456711.86090|18.731|0.031|
DATA=2456711.86663|18.591|0.031|
DATA=2456711.87626|18.589|0.028|
DATA=2456711.88200|18.598|0.030|
DATA=2456711.89120|18.550|0.032|
DATA=2456711.89695|18.597|0.031|
DATA=2456711.90686|18.613|0.029|
DATA=2456711.91262|18.704|0.039|
DATA=2456711.92213|18.863|0.038|
DATA=2456711.92788|18.756|0.041|
DATA=2456711.93592|18.966|0.061|
DATA=2456711.94169|18.987|0.098|
DATA=2456711.95469|19.157|0.047|
DATA=2456711.96040|19.047|0.047|
DATA=2456711.96723|18.921|0.044|
DATA=2456711.97178|18.758|0.041|
DATA=2456711.97863|18.788|0.042|
DATA=2456711.98204|18.671|0.042|
DATA=2456711.98927|18.655|0.039|
DATA=2456711.99155|18.588|0.037|
DATA=2456711.99855|18.588|0.039|
DATA=2456712.00138|18.590|0.042|
DATA=2456712.01177|18.622|0.041|
ENDDATA
STARTMETADATA
REVISEDDATA=FALSE
OBJECTNUMBER=140546
OBJECTNAME=2001 TZ194
MPCDESIG=2001 TZ194
SESSIONDATE=2014-02-22
SESSIONTIME=08:40:43
CONTACTNAME=A. Waszczak
CONTACTINFO=awaszczak@gmail.com
OBSERVERS=Waszczak, A. Chang, C.-K., 11 co-authors
OBSLONGITUDE=-116.8639
OBSLATITUDE=33.3558
OBJECTRA=10:37
OBJECTDEC=+09
PHASE=+1.39
PABL=+156.9
PABB=+0.3
FILTER=R
MAGBAND=R
CICORRECTION=FALSE
CIBAND=NONE
CITARGET=0.000
DIFFERMAGS=FALSE
MAGADJUST=0.0
STANDARD=INTERNAL
LTCAPP=NONE
LTCDAYS=0.0
LTCTYPE=NONE
REDUCEDMAGS=NONE
UCORMAG=0.0
PUBLICATION=(2016) Astron. J. 150, A75
BIBCODE=2016AJ....150...75W
COMMENT=Earth/Sun distances (AU): 1.9626/2.9501
DELIMITER=PIPE
ENDMETADATA
DATA=2456710.68312|18.679|0.041|
DATA=2456710.69880|18.767|0.042|
DATA=2456710.71453|18.880|0.047|
DATA=2456710.73024|19.123|0.053|
DATA=2456710.74599|19.051|0.054|
DATA=2456710.76665|18.716|0.037|
DATA=2456710.78217|18.659|0.032|
DATA=2456710.79752|18.640|0.032|
DATA=2456710.81287|18.683|0.035|
DATA=2456710.85225|19.139|0.045|
DATA=2456710.86781|19.158|0.050|
DATA=2456710.88350|18.668|0.046|
DATA=2456710.91402|18.692|0.043|
DATA=2456710.92969|18.577|0.036|
DATA=2456710.94474|18.684|0.040|
DATA=2456710.96048|19.005|0.080|
DATA=2456710.98604|19.062|0.087|
DATA=2456710.99417|18.995|0.059|
DATA=2456711.00115|18.803|0.061|
DATA=2456711.01010|18.774|0.053|
DATA=2456711.01804|18.729|0.052|
ENDDATA
