STARTMETADATA
REVISEDDATA=FALSE
OBJECTNUMBER=135885
OBJECTNAME=2002 TX49
MPCDESIG=2002 TX49
SESSIONDATE=2015-10-09
SESSIONTIME=07:01:00
CONTACTNAME=B. D. Warner
CONTACTINFO=B. D. Warner, 446 Sycamore Ave., Eaton, CO, USA [brian@MinorPlanetObserver.com]
OBSERVERS=Warner, B. D.
OBSLONGITUDE=-116.384861
OBSLATITUDE=+34.272500
OBJECTRA=00:29
OBJECTDEC=+00
PHASE=+3.93
PABL=+8.4
PABB=-2.8
FILTER=C
MAGBAND=V
CICORRECTION=FALSE
CIBAND=NONE
CITARGET=+0.000
DIFFERMAGS=FALSE
MAGADJUST=0.0
STANDARD=INTERNAL
LTCAPP=AVERAGE
LTCDAYS=-0.008250
LTCTYPE=LIGHTTIME
REDUCEDMAGS=NONE
UCORMAG=-2.6948
PUBLICATION=
BIBCODE=
COMMENT=Heliocentric ecliptic longitude/latitude: +6.60/-3.58
COMMENT=Sun/Earth distances (AU): +2.4202/+1.4293
COMMENT=Observer Instrumentation: 0.35m f/9.1 SCT/STL-1001E
DELIMITER=PIPE
COMPNAME1=003014.71 -003152.6
COMPRA1=00:30:14.73
COMPDEC1=-00:31:52.9
COMPMAG1=+14.401
COMPCI1=+0.504
COMPNAME2=002953.94 -003022.8
COMPRA2=00:29:53.98
COMPDEC2=-00:30:22.8
COMPMAG2=+15.120
COMPCI2=+0.447
COMPNAME3=002939.87 -003902.9
COMPRA3=00:29:39.88
COMPDEC3=-00:39:02.8
COMPMAG3=+15.088
COMPCI3=+0.477
COMPNAME4=003021.78 -002828.9
COMPRA4=00:30:21.79
COMPDEC4=-00:28:29.0
COMPMAG4=+15.443
COMPCI4=+0.379
COMPNAME5=003007.24 -003628.3
COMPRA5=00:30:07.22
COMPDEC5=-00:36:28.5
COMPMAG5=+13.173
COMPCI5=+0.418
ENDMETADATA
DATA=2457304.668579|+18.862|+0.121|1.638
DATA=2457304.675421|+18.782|+0.109|1.578
DATA=2457304.679998|+18.781|+0.109|1.541
DATA=2457304.689967|+18.792|+0.109|1.471
DATA=2457304.694618|+18.771|+0.109|1.443
DATA=2457304.701597|+18.774|+0.109|1.404
DATA=2457304.706258|+18.887|+0.109|1.381
DATA=2457304.708595|+18.863|+0.109|1.370
DATA=2457304.713247|+18.940|+0.121|1.349
DATA=2457304.715521|+18.960|+0.121|1.340
DATA=2457304.738310|+19.006|+0.121|1.266
DATA=2457304.740623|+18.967|+0.121|1.261
DATA=2457304.747587|+19.032|+0.121|1.246
DATA=2457304.749911|+18.951|+0.109|1.242
DATA=2457304.752232|+18.956|+0.109|1.237
DATA=2457304.756883|+18.908|+0.109|1.230
DATA=2457304.759198|+18.927|+0.109|1.227
DATA=2457304.764286|+18.857|+0.099|1.221
DATA=2457304.766604|+18.860|+0.099|1.218
DATA=2457304.768921|+18.793|+0.099|1.216
DATA=2457304.771231|+18.806|+0.099|1.215
DATA=2457304.803168|+18.840|+0.091|1.216
DATA=2457304.805486|+18.837|+0.091|1.218
DATA=2457304.807804|+18.800|+0.091|1.220
DATA=2457304.810121|+18.774|+0.091|1.223
DATA=2457304.814770|+18.817|+0.091|1.229
DATA=2457304.817090|+18.859|+0.091|1.232
DATA=2457304.819412|+18.771|+0.091|1.236
DATA=2457304.824064|+18.778|+0.091|1.244
DATA=2457304.826383|+18.854|+0.099|1.249
DATA=2457304.828716|+18.827|+0.091|1.253
DATA=2457304.833332|+18.904|+0.099|1.264
DATA=2457304.840690|+19.025|+0.109|1.283
DATA=2457304.845334|+18.914|+0.099|1.298
DATA=2457304.852306|+19.052|+0.121|1.321
DATA=2457304.854635|+19.053|+0.109|1.330
DATA=2457304.866144|+19.105|+0.121|1.379
DATA=2457304.870704|+19.108|+0.121|1.402
DATA=2457304.872991|+19.046|+0.121|1.414
DATA=2457304.879646|+18.927|+0.099|1.452
DATA=2457304.881964|+18.961|+0.121|1.467
DATA=2457304.884285|+18.862|+0.155|1.482
DATA=2457304.886611|+18.894|+0.136|1.497
DATA=2457304.888939|+18.869|+0.121|1.514
DATA=2457304.891271|+18.824|+0.109|1.531
DATA=2457304.893544|+18.841|+0.109|1.548
DATA=2457304.895819|+18.774|+0.121|1.566
DATA=2457304.898097|+18.832|+0.121|1.585
DATA=2457304.900377|+18.807|+0.121|1.605
ENDDATA
