STARTMETADATA
REVISEDDATA=FALSE
OBJECTNUMBER=91066
OBJECTNAME=1998 FP66
MPCDESIG=1998 FP66
SESSIONDATE=2014-01-02
SESSIONTIME=09:20:59
CONTACTNAME=A. Waszczak
CONTACTINFO=awaszczak@gmail.com
OBSERVERS=Waszczak, A. Chang, C.-K., 11 co-authors
OBSLONGITUDE=-116.8639
OBSLATITUDE=33.3558
OBJECTRA=07:56
OBJECTDEC=+40
PHASE=+7.29
PABL=+111.2
PABB=+15.8
FILTER=SG
MAGBAND=SG
CICORRECTION=FALSE
CIBAND=NONE
CITARGET=0.000
DIFFERMAGS=FALSE
MAGADJUST=0.0
STANDARD=INTERNAL
LTCAPP=NONE
LTCDAYS=0.0
LTCTYPE=NONE
REDUCEDMAGS=NONE
UCORMAG=0.0
PUBLICATION=(2016) Astron. J. 150, A75
BIBCODE=2016AJ....150...75W
COMMENT=Earth/Sun distances (AU): 1.9726/2.9076
DELIMITER=PIPE
ENDMETADATA
DATA=2456659.67386|18.718|0.038|
DATA=2456659.68453|18.812|0.042|
DATA=2456659.69506|18.865|0.042|
DATA=2456659.70598|18.903|0.043|
DATA=2456659.71677|19.068|0.044|
DATA=2456659.72741|19.211|0.047|
DATA=2456659.73826|19.022|0.039|
DATA=2456659.74916|18.970|0.034|
DATA=2456659.76008|18.788|0.031|
DATA=2456659.84019|18.983|0.038|
DATA=2456659.88787|18.792|0.032|
DATA=2456659.89596|18.816|0.031|
DATA=2456659.90493|18.890|0.033|
DATA=2456659.91303|19.037|0.047|
DATA=2456659.93130|18.964|0.037|
DATA=2456659.93943|19.010|0.036|
DATA=2456659.94758|18.766|0.032|
DATA=2456659.95572|18.758|0.032|
DATA=2456659.96468|18.756|0.032|
DATA=2456659.97283|18.683|0.031|
DATA=2456659.98099|18.669|0.031|
DATA=2456659.98916|18.825|0.034|
DATA=2456659.99735|18.826|0.032|
DATA=2456660.00672|18.983|0.039|
DATA=2456660.02316|19.123|0.044|
DATA=2456660.03253|18.990|0.039|
DATA=2456660.04076|18.825|0.036|
DATA=2456660.05714|18.801|0.038|
DATA=2456660.06538|18.758|0.042|
ENDDATA
STARTMETADATA
REVISEDDATA=FALSE
OBJECTNUMBER=91066
OBJECTNAME=1998 FP66
MPCDESIG=1998 FP66
SESSIONDATE=2014-01-03
SESSIONTIME=09:13:25
CONTACTNAME=A. Waszczak
CONTACTINFO=awaszczak@gmail.com
OBSERVERS=Waszczak, A. Chang, C.-K., 11 co-authors
OBSLONGITUDE=-116.8639
OBSLATITUDE=33.3558
OBJECTRA=07:55
OBJECTDEC=+40
PHASE=+7.10
PABL=+111.2
PABB=+15.8
FILTER=SG
MAGBAND=SG
CICORRECTION=FALSE
CIBAND=NONE
CITARGET=0.000
DIFFERMAGS=FALSE
MAGADJUST=0.0
STANDARD=INTERNAL
LTCAPP=NONE
LTCDAYS=0.0
LTCTYPE=NONE
REDUCEDMAGS=NONE
UCORMAG=0.0
PUBLICATION=(2016) Astron. J. 150, A75
BIBCODE=2016AJ....150...75W
COMMENT=Earth/Sun distances (AU): 1.9717/2.9092
DELIMITER=PIPE
ENDMETADATA
DATA=2456660.66783|18.881|0.045|
DATA=2456660.67695|18.935|0.046|
DATA=2456660.68718|19.015|0.041|
DATA=2456660.69695|19.016|0.038|
DATA=2456660.70609|19.000|0.043|
DATA=2456660.72689|18.780|0.046|
DATA=2456660.75732|18.753|0.028|
DATA=2456660.76654|18.818|0.030|
DATA=2456660.77533|18.930|0.034|
DATA=2456660.78453|19.050|0.034|
DATA=2456660.79379|19.081|0.038|
DATA=2456660.80306|19.042|0.035|
DATA=2456660.81239|18.940|0.031|
DATA=2456660.82321|18.767|0.029|
DATA=2456660.83343|18.755|0.028|
DATA=2456660.84388|18.697|0.026|
DATA=2456660.85425|18.703|0.028|
DATA=2456660.86401|18.799|0.030|
DATA=2456660.87335|18.999|0.033|
DATA=2456660.88317|19.064|0.037|
DATA=2456660.89293|19.056|0.034|
DATA=2456660.90314|18.911|0.033|
DATA=2456660.92258|18.782|0.028|
DATA=2456660.93279|18.697|0.028|
DATA=2456660.94224|18.714|0.029|
DATA=2456660.95039|18.780|0.030|
DATA=2456660.95943|18.880|0.033|
DATA=2456660.96886|18.881|0.034|
DATA=2456660.97702|19.036|0.038|
DATA=2456660.98518|19.058|0.040|
DATA=2456660.99334|18.956|0.035|
DATA=2456661.00156|19.015|0.037|
DATA=2456661.00974|18.848|0.034|
DATA=2456661.01796|18.807|0.035|
DATA=2456661.02619|18.759|0.031|
DATA=2456661.03440|18.755|0.032|
DATA=2456661.04381|18.730|0.042|
DATA=2456661.05216|18.700|0.044|
DATA=2456661.06041|18.859|0.050|
DATA=2456661.06867|19.033|0.068|
ENDDATA
