STARTMETADATA
REVISEDDATA=FALSE
OBJECTNUMBER=27295
OBJECTNAME=2000 AU143
MPCDESIG=2000 AU143
SESSIONDATE=2014-02-22
SESSIONTIME=05:43:52
CONTACTNAME=A. Waszczak
CONTACTINFO=awaszczak@gmail.com
OBSERVERS=Waszczak, A. Chang, C.-K., 11 co-authors
OBSLONGITUDE=-116.8639
OBSLATITUDE=33.3558
OBJECTRA=09:58
OBJECTDEC=+13
PHASE=+2.41
PABL=+148.2
PABB=+0.9
FILTER=R
MAGBAND=R
CICORRECTION=FALSE
CIBAND=NONE
CITARGET=0.000
DIFFERMAGS=FALSE
MAGADJUST=0.0
STANDARD=INTERNAL
LTCAPP=NONE
LTCDAYS=0.0
LTCTYPE=NONE
REDUCEDMAGS=NONE
UCORMAG=0.0
PUBLICATION=(2016) Astron. J. 150, A75
BIBCODE=2016AJ....150...75W
COMMENT=Earth/Sun distances (AU): 1.6192/2.6046
DELIMITER=PIPE
ENDMETADATA
DATA=2456710.64512|17.213|0.013|
DATA=2456710.66175|17.274|0.012|
DATA=2456710.67628|17.333|0.012|
DATA=2456710.69196|17.342|0.012|
DATA=2456710.70769|17.314|0.011|
DATA=2456710.72338|17.267|0.011|
DATA=2456710.73914|17.196|0.010|
DATA=2456710.75425|17.130|0.010|
DATA=2456710.77008|17.075|0.010|
DATA=2456710.78574|17.113|0.009|
DATA=2456710.80096|17.111|0.010|
DATA=2456710.81630|17.120|0.009|
DATA=2456710.83174|17.088|0.011|
ENDDATA
STARTMETADATA
REVISEDDATA=FALSE
OBJECTNUMBER=27295
OBJECTNAME=2000 AU143
MPCDESIG=2000 AU143
SESSIONDATE=2014-02-21
SESSIONTIME=07:55:36
CONTACTNAME=A. Waszczak
CONTACTINFO=awaszczak@gmail.com
OBSERVERS=Waszczak, A. Chang, C.-K., 11 co-authors
OBSLONGITUDE=-116.8639
OBSLATITUDE=33.3558
OBJECTRA=09:59
OBJECTDEC=+13
PHASE=+1.98
PABL=+148.3
PABB=+0.8
FILTER=R
MAGBAND=R
CICORRECTION=FALSE
CIBAND=NONE
CITARGET=0.000
DIFFERMAGS=FALSE
MAGADJUST=0.0
STANDARD=INTERNAL
LTCAPP=NONE
LTCDAYS=0.0
LTCTYPE=NONE
REDUCEDMAGS=NONE
UCORMAG=0.0
PUBLICATION=(2016) Astron. J. 150, A75
BIBCODE=2016AJ....150...75W
COMMENT=Earth/Sun distances (AU): 1.6178/2.6043
DELIMITER=PIPE
ENDMETADATA
DATA=2456709.66450|17.299|0.014|
DATA=2456709.67976|17.274|0.015|
DATA=2456709.69456|17.215|0.037|
DATA=2456709.71106|17.270|0.082|
DATA=2456709.74214|17.009|0.061|
DATA=2456709.75741|17.048|0.014|
DATA=2456709.77278|17.076|0.011|
DATA=2456709.78822|17.085|0.010|
DATA=2456709.81905|17.192|0.017|
DATA=2456709.83457|17.202|0.019|
DATA=2456709.85025|17.327|0.022|
DATA=2456709.88071|17.351|0.025|
DATA=2456709.89569|17.234|0.024|
DATA=2456709.91067|17.207|0.020|
DATA=2456709.92628|17.166|0.021|
DATA=2456709.94122|17.088|0.027|
DATA=2456709.95507|17.058|0.043|
DATA=2456709.96887|17.153|0.049|
DATA=2456709.98255|17.034|0.053|
ENDDATA
STARTMETADATA
REVISEDDATA=FALSE
OBJECTNUMBER=27295
OBJECTNAME=2000 AU143
MPCDESIG=2000 AU143
SESSIONDATE=2014-02-20
SESSIONTIME=07:31:43
CONTACTNAME=A. Waszczak
CONTACTINFO=awaszczak@gmail.com
OBSERVERS=Waszczak, A. Chang, C.-K., 11 co-authors
OBSLONGITUDE=-116.8639
OBSLATITUDE=33.3558
OBJECTRA=10:00
OBJECTDEC=+13
PHASE=+1.49
PABL=+148.3
PABB=+0.7
FILTER=R
MAGBAND=R
CICORRECTION=FALSE
CIBAND=NONE
CITARGET=0.000
DIFFERMAGS=FALSE
MAGADJUST=0.0
STANDARD=INTERNAL
LTCAPP=NONE
LTCDAYS=0.0
LTCTYPE=NONE
REDUCEDMAGS=NONE
UCORMAG=0.0
PUBLICATION=(2016) Astron. J. 150, A75
BIBCODE=2016AJ....150...75W
COMMENT=Earth/Sun distances (AU): 1.6166/2.6039
DELIMITER=PIPE
ENDMETADATA
DATA=2456708.65135|17.250|0.015|
DATA=2456708.66732|17.183|0.013|
DATA=2456708.68239|17.126|0.013|
DATA=2456708.69862|17.033|0.013|
DATA=2456708.71372|17.038|0.010|
DATA=2456708.72882|17.055|0.010|
DATA=2456708.74393|17.049|0.010|
DATA=2456708.75907|17.049|0.010|
DATA=2456708.77542|17.090|0.011|
DATA=2456708.79056|17.165|0.012|
DATA=2456708.81336|17.225|0.013|
DATA=2456708.84413|17.326|0.014|
DATA=2456708.85945|17.248|0.013|
DATA=2456708.91532|17.036|0.014|
DATA=2456708.93166|16.988|0.015|
DATA=2456708.94876|16.991|0.018|
DATA=2456708.96386|17.097|0.020|
DATA=2456708.97871|17.152|0.026|
DATA=2456708.99380|17.174|0.023|
ENDDATA
