STARTMETADATA
REVISEDDATA=FALSE
OBJECTNUMBER=8464
OBJECTNAME=Polishook
MPCDESIG=1981 EF28
SESSIONDATE=2015-03-24
SESSIONTIME=14:29:00
CONTACTNAME=J. Oey
CONTACTINFO=julianoey1@optusnet.com.au
OBSERVERS=julianoey1@optusnet.com.au
OBSLONGITUDE=+150.341667
OBSLATITUDE=-33.706667
OBJECTRA=10:10
OBJECTDEC=+19
PHASE=+11.17
PABL=+153.3
PABB=+6.5
FILTER=C
MAGBAND=R
CICORRECTION=FALSE
CIBAND=NONE
CITARGET=+0.000
DIFFERMAGS=FALSE
MAGADJUST=0.0
STANDARD=INTERNAL
LTCAPP=NONE
LTCDAYS=-0.012637
LTCTYPE=NONE
REDUCEDMAGS=NONE
UCORMAG=-4.1230
PUBLICATION=
BIBCODE=
COMMENT=Heliocentric ecliptic longitude/latitude: +147.75/+7.52
COMMENT=Earth/Sun distances (AU): +3.0500/+2.1893
COMMENT=PSABA
COMMENT=Observer Instrumentation: 0.61m f6.8 CDK/Apogee U42
DELIMITER=PIPE
COMPNAME1=101124.18 +192645.4
COMPRA1=10:11:24.16
COMPDEC1=+19:26:45.6
COMPMAG1=+14.242
COMPCI1=+0.433
COMPNAME2=101049.38 +192622.7
COMPRA2=10:10:49.38
COMPDEC2=+19:26:22.9
COMPMAG2=+13.643
COMPCI2=+0.404
COMPNAME3=101031.13 +192647.8
COMPRA3=10:10:31.13
COMPDEC3=+19:26:47.5
COMPMAG3=+14.810
COMPCI3=+0.534
ENDMETADATA
DATA=2457106.051620|+17.980|+0.035|
DATA=2457106.055289|+18.118|+0.040|
DATA=2457106.066262|+18.108|+0.040|
DATA=2457106.069919|+18.042|+0.037|
DATA=2457106.073565|+18.053|+0.039|
DATA=2457106.077234|+18.142|+0.043|
DATA=2457106.080903|+18.093|+0.042|
DATA=2457106.084549|+18.192|+0.045|
DATA=2457106.091863|+18.144|+0.045|
DATA=2457106.103495|+18.284|+0.054|
DATA=2457106.107153|+18.215|+0.052|
DATA=2457106.110810|+18.198|+0.052|
DATA=2457106.114468|+18.398|+0.064|
DATA=2457106.118125|+18.351|+0.064|
DATA=2457106.125417|+18.377|+0.068|
DATA=2457106.129051|+18.437|+0.072|
DATA=2457106.132720|+18.378|+0.068|
DATA=2457106.136377|+18.423|+0.078|
DATA=2457106.140035|+18.256|+0.072|
DATA=2457106.143692|+18.248|+0.084|
ENDDATA
