STARTMETADATA
REVISEDDATA=FALSE
OBJECTNUMBER=5510
OBJECTNAME=1988 RF7
MPCDESIG=1988 RF7
SESSIONDATE=2014-08-10
SESSIONTIME=16:18:00
CONTACTNAME=J. Oey
CONTACTINFO=julianoey1@optusnet.com.au
OBSERVERS=julianoey1@optusnet.com.au
OBSLONGITUDE=+150.341667
OBSLATITUDE=-33.706667
OBJECTRA=00:13
OBJECTDEC=-08
PHASE=+24.58
PABL=+347.7
PABB=-6.7
FILTER=C
MAGBAND=R
CICORRECTION=FALSE
CIBAND=NONE
CITARGET=+0.000
DIFFERMAGS=FALSE
MAGADJUST=0.0
STANDARD=INTERNAL
LTCAPP=NONE
LTCDAYS=-0.004415
LTCTYPE=NONE
REDUCEDMAGS=NONE
UCORMAG=-0.5159
PUBLICATION=
BIBCODE=
COMMENT=Heliocentric ecliptic longitude/latitude: +359.87/-8.96
COMMENT=Earth/Sun distances (AU): +1.6579/+0.7649
COMMENT=PSABA
COMMENT=Observer Instrumentation: 0.35m f5.9 SCT/SBIG ST-8XME
DELIMITER=PIPE
COMPNAME4=001337.39 -082032.4
COMPRA4=00:14:09.49
COMPDEC4=-08:11:44.9
COMPMAG4=+13.649
COMPCI4=+0.463
COMPNAME3=001347.15 -081943.1
COMPRA3=00:13:59.80
COMPDEC3=-08:12:37.4
COMPMAG3=+13.435
COMPCI3=+0.373
COMPNAME2=001332.44 -081802.7
COMPRA2=00:14:14.66
COMPDEC2=-08:14:13.4
COMPMAG2=+12.220
COMPCI2=+0.317
ENDMETADATA
DATA=2456880.135602|+14.888|+0.009|
DATA=2456880.139965|+14.890|+0.009|
DATA=2456880.144331|+14.879|+0.008|
DATA=2456880.148695|+14.895|+0.009|
DATA=2456880.153059|+14.899|+0.009|
DATA=2456880.157425|+14.868|+0.008|
DATA=2456880.161800|+14.871|+0.008|
DATA=2456880.166165|+14.867|+0.008|
DATA=2456880.170536|+14.866|+0.008|
DATA=2456880.174903|+14.848|+0.008|
DATA=2456880.179269|+14.845|+0.008|
DATA=2456880.193840|+14.846|+0.008|
DATA=2456880.198196|+14.859|+0.008|
DATA=2456880.202566|+14.871|+0.008|
DATA=2456880.206926|+14.882|+0.008|
DATA=2456880.211283|+14.885|+0.008|
DATA=2456880.215643|+14.891|+0.008|
DATA=2456880.220007|+14.883|+0.008|
DATA=2456880.224370|+14.875|+0.008|
DATA=2456880.228726|+14.873|+0.008|
DATA=2456880.233085|+14.868|+0.008|
ENDDATA
