STARTMETADATA
REVISEDDATA=FALSE
OBJECTNUMBER=16541
OBJECTNAME=1991 PW18
MPCDESIG=1991 PW18
SESSIONDATE=2013-02-18
SESSIONTIME=06:35:41
CONTACTNAME=A. Waszczak
CONTACTINFO=awaszczak@gmail.com
OBSERVERS=Waszczak, A. Chang, C.-K., 11 co-authors
OBSLONGITUDE=-116.8639
OBSLATITUDE=33.3558
OBJECTRA=06:37
OBJECTDEC=+20
PHASE=+15.82
PABL=+106.7
PABB=-2.1
FILTER=R
MAGBAND=R
CICORRECTION=FALSE
CIBAND=NONE
CITARGET=0.000
DIFFERMAGS=FALSE
MAGADJUST=0.0
STANDARD=INTERNAL
LTCAPP=NONE
LTCDAYS=0.0
LTCTYPE=NONE
REDUCEDMAGS=NONE
UCORMAG=0.0
PUBLICATION=(2016) Astron. J. 150, A75
BIBCODE=2016AJ....150...75W
COMMENT=Earth/Sun distances (AU): 2.0808/2.8114
DELIMITER=PIPE
ENDMETADATA
DATA=2456341.63242|17.513|0.016|
DATA=2456341.64803|17.644|0.017|
DATA=2456341.66318|17.770|0.018|
DATA=2456341.67849|17.588|0.017|
DATA=2456341.76918|17.538|0.018|
DATA=2456341.78475|17.718|0.020|
DATA=2456341.79983|17.670|0.018|
DATA=2456341.81340|17.536|0.018|
DATA=2456341.82849|17.388|0.016|
DATA=2456341.84207|17.349|0.016|
DATA=2456341.85718|17.374|0.017|
DATA=2456341.87076|17.386|0.017|
DATA=2456341.88438|17.433|0.016|
ENDDATA
STARTMETADATA
REVISEDDATA=FALSE
OBJECTNUMBER=16541
OBJECTNAME=1991 PW18
MPCDESIG=1991 PW18
SESSIONDATE=2013-02-17
SESSIONTIME=05:21:06
CONTACTNAME=A. Waszczak
CONTACTINFO=awaszczak@gmail.com
OBSERVERS=Waszczak, A. Chang, C.-K., 11 co-authors
OBSLONGITUDE=-116.8639
OBSLATITUDE=33.3558
OBJECTRA=06:37
OBJECTDEC=+20
PHASE=+15.57
PABL=+106.6
PABB=-2.1
FILTER=R
MAGBAND=R
CICORRECTION=FALSE
CIBAND=NONE
CITARGET=0.000
DIFFERMAGS=FALSE
MAGADJUST=0.0
STANDARD=INTERNAL
LTCAPP=NONE
LTCDAYS=0.0
LTCTYPE=NONE
REDUCEDMAGS=NONE
UCORMAG=0.0
PUBLICATION=(2016) Astron. J. 150, A75
BIBCODE=2016AJ....150...75W
COMMENT=Earth/Sun distances (AU): 2.0693/2.8108
DELIMITER=PIPE
ENDMETADATA
DATA=2456340.66629|17.343|0.014|
DATA=2456340.68271|17.357|0.012|
DATA=2456340.69946|17.377|0.012|
DATA=2456340.71592|17.405|0.013|
DATA=2456340.73101|17.507|0.014|
DATA=2456340.74758|17.563|0.015|
DATA=2456340.76269|17.658|0.016|
DATA=2456340.77828|17.583|0.015|
ENDDATA
STARTMETADATA
REVISEDDATA=FALSE
OBJECTNUMBER=16541
OBJECTNAME=1991 PW18
MPCDESIG=1991 PW18
SESSIONDATE=2013-02-16
SESSIONTIME=06:10:53
CONTACTNAME=A. Waszczak
CONTACTINFO=awaszczak@gmail.com
OBSERVERS=Waszczak, A. Chang, C.-K., 11 co-authors
OBSLONGITUDE=-116.8639
OBSLATITUDE=33.3558
OBJECTRA=06:37
OBJECTDEC=+20
PHASE=+15.33
PABL=+106.5
PABB=-2.1
FILTER=R
MAGBAND=R
CICORRECTION=FALSE
CIBAND=NONE
CITARGET=0.000
DIFFERMAGS=FALSE
MAGADJUST=0.0
STANDARD=INTERNAL
LTCAPP=NONE
LTCDAYS=0.0
LTCTYPE=NONE
REDUCEDMAGS=NONE
UCORMAG=0.0
PUBLICATION=(2016) Astron. J. 150, A75
BIBCODE=2016AJ....150...75W
COMMENT=Earth/Sun distances (AU): 2.0588/2.8102
DELIMITER=PIPE
ENDMETADATA
DATA=2456339.65997|17.303|0.019|
DATA=2456339.67527|17.312|0.019|
DATA=2456339.69127|17.410|0.036|
DATA=2456339.79472|17.476|0.059|
DATA=2456339.81167|17.350|0.032|
DATA=2456339.82723|17.506|0.034|
DATA=2456339.84279|17.515|0.026|
ENDDATA
STARTMETADATA
REVISEDDATA=FALSE
OBJECTNUMBER=16541
OBJECTNAME=1991 PW18
MPCDESIG=1991 PW18
SESSIONDATE=2013-02-15
SESSIONTIME=05:22:39
CONTACTNAME=A. Waszczak
CONTACTINFO=awaszczak@gmail.com
OBSERVERS=Waszczak, A. Chang, C.-K., 11 co-authors
OBSLONGITUDE=-116.8639
OBSLATITUDE=33.3558
OBJECTRA=06:38
OBJECTDEC=+20
PHASE=+15.06
PABL=+106.4
PABB=-2.1
FILTER=R
MAGBAND=R
CICORRECTION=FALSE
CIBAND=NONE
CITARGET=0.000
DIFFERMAGS=FALSE
MAGADJUST=0.0
STANDARD=INTERNAL
LTCAPP=NONE
LTCDAYS=0.0
LTCTYPE=NONE
REDUCEDMAGS=NONE
UCORMAG=0.0
PUBLICATION=(2016) Astron. J. 150, A75
BIBCODE=2016AJ....150...75W
COMMENT=Earth/Sun distances (AU): 2.0478/2.8096
DELIMITER=PIPE
ENDMETADATA
DATA=2456338.68181|17.363|0.020|
DATA=2456338.73082|17.595|0.029|
DATA=2456338.75957|17.454|0.029|
ENDDATA
