STARTMETADATA
REVISEDDATA=FALSE
OBJECTNUMBER=5450
OBJECTNAME=Sokrates
MPCDESIG=2780 P-L
SESSIONDATE=2014-02-20
SESSIONTIME=07:37:17
CONTACTNAME=A. Waszczak
CONTACTINFO=awaszczak@gmail.com
OBSERVERS=Waszczak, A. Chang, C.-K., 11 co-authors
OBSLONGITUDE=-116.8639
OBSLATITUDE=33.3558
OBJECTRA=09:57
OBJECTDEC=+13
PHASE=+1.76
PABL=+147.7
PABB=+0.4
FILTER=R
MAGBAND=R
CICORRECTION=FALSE
CIBAND=NONE
CITARGET=0.000
DIFFERMAGS=FALSE
MAGADJUST=0.0
STANDARD=INTERNAL
LTCAPP=NONE
LTCDAYS=0.0
LTCTYPE=NONE
REDUCEDMAGS=NONE
UCORMAG=0.0
PUBLICATION=(2016) Astron. J. 150, A75
BIBCODE=2016AJ....150...75W
COMMENT=Earth/Sun distances (AU): 1.5582/2.5451
DELIMITER=PIPE
ENDMETADATA
DATA=2456708.65135|15.491|0.006|
DATA=2456708.66732|15.403|0.006|
DATA=2456708.68239|15.372|0.006|
DATA=2456708.69862|15.354|0.006|
DATA=2456708.71372|15.397|0.005|
DATA=2456708.72882|15.485|0.006|
DATA=2456708.75907|15.552|0.005|
DATA=2456708.77542|15.474|0.006|
DATA=2456708.79056|15.409|0.005|
DATA=2456708.81336|15.384|0.005|
DATA=2456708.84412|15.442|0.006|
DATA=2456708.85944|15.535|0.006|
DATA=2456708.91531|15.416|0.006|
DATA=2456708.93165|15.389|0.006|
DATA=2456708.94875|15.362|0.007|
DATA=2456708.96385|15.411|0.010|
DATA=2456708.97870|15.474|0.011|
DATA=2456708.99379|15.617|0.010|
ENDDATA
STARTMETADATA
REVISEDDATA=FALSE
OBJECTNUMBER=5450
OBJECTNAME=Sokrates
MPCDESIG=2780 P-L
SESSIONDATE=2014-02-18
SESSIONTIME=08:34:42
CONTACTNAME=A. Waszczak
CONTACTINFO=awaszczak@gmail.com
OBSERVERS=Waszczak, A. Chang, C.-K., 11 co-authors
OBSLONGITUDE=-116.8639
OBSLATITUDE=33.3558
OBJECTRA=09:58
OBJECTDEC=+12
PHASE=+0.83
PABL=+147.7
PABB=+0.4
FILTER=R
MAGBAND=R
CICORRECTION=FALSE
CIBAND=NONE
CITARGET=0.000
DIFFERMAGS=FALSE
MAGADJUST=0.0
STANDARD=INTERNAL
LTCAPP=NONE
LTCDAYS=0.0
LTCTYPE=NONE
REDUCEDMAGS=NONE
UCORMAG=0.0
PUBLICATION=(2016) Astron. J. 150, A75
BIBCODE=2016AJ....150...75W
COMMENT=Earth/Sun distances (AU): 1.5554/2.5433
DELIMITER=PIPE
ENDMETADATA
DATA=2456706.73692|15.444|0.009|
DATA=2456706.79626|15.368|0.006|
DATA=2456706.83122|15.337|0.008|
DATA=2456706.86333|15.486|0.006|
DATA=2456706.92858|15.350|0.007|
DATA=2456706.98832|15.466|0.008|
ENDDATA
