STARTMETADATA
REVISEDDATA=FALSE
OBJECTNUMBER=42904
OBJECTNAME=1999 RV202
MPCDESIG=1999 RV202
SESSIONDATE=2014-01-06
SESSIONTIME=07:55:35
CONTACTNAME=A. Waszczak
CONTACTINFO=awaszczak@gmail.com
OBSERVERS=Waszczak, A. Chang, C.-K., 11 co-authors
OBSLONGITUDE=-116.8639
OBSLATITUDE=33.3558
OBJECTRA=07:48
OBJECTDEC=+22
PHASE=+3.39
PABL=+113.2
PABB=+0.8
FILTER=R
MAGBAND=R
CICORRECTION=FALSE
CIBAND=NONE
CITARGET=0.000
DIFFERMAGS=FALSE
MAGADJUST=0.0
STANDARD=INTERNAL
LTCAPP=NONE
LTCDAYS=0.0
LTCTYPE=NONE
REDUCEDMAGS=NONE
UCORMAG=0.0
PUBLICATION=(2016) Astron. J. 150, A75
BIBCODE=2016AJ....150...75W
COMMENT=Earth/Sun distances (AU): 1.6899/2.6652
DELIMITER=PIPE
ENDMETADATA
DATA=2456663.64673|18.360|0.036|
DATA=2456663.66044|18.347|0.036|
DATA=2456663.67954|18.722|0.042|
DATA=2456663.69421|19.196|0.055|
DATA=2456663.72400|18.392|0.027|
DATA=2456663.73975|18.279|0.023|
DATA=2456663.75483|18.293|0.022|
DATA=2456663.76853|18.464|0.025|
DATA=2456663.78223|18.851|0.035|
DATA=2456663.79592|19.210|0.041|
DATA=2456663.80972|18.706|0.031|
DATA=2456663.82343|18.479|0.027|
DATA=2456663.83715|18.303|0.022|
DATA=2456663.86458|18.461|0.025|
DATA=2456663.87833|18.870|0.034|
DATA=2456663.89218|19.448|0.054|
DATA=2456663.91982|18.493|0.028|
DATA=2456663.93580|18.254|0.025|
DATA=2456663.99326|19.271|0.065|
DATA=2456664.00714|18.649|0.051|
DATA=2456664.02105|18.465|0.042|
DATA=2456664.03730|18.227|0.061|
ENDDATA
STARTMETADATA
REVISEDDATA=FALSE
OBJECTNUMBER=42904
OBJECTNAME=1999 RV202
MPCDESIG=1999 RV202
SESSIONDATE=2014-01-07
SESSIONTIME=07:57:06
CONTACTNAME=A. Waszczak
CONTACTINFO=awaszczak@gmail.com
OBSERVERS=Waszczak, A. Chang, C.-K., 11 co-authors
OBSLONGITUDE=-116.8639
OBSLATITUDE=33.3558
OBJECTRA=07:47
OBJECTDEC=+22
PHASE=+2.93
PABL=+113.2
PABB=+0.7
FILTER=R
MAGBAND=R
CICORRECTION=FALSE
CIBAND=NONE
CITARGET=0.000
DIFFERMAGS=FALSE
MAGADJUST=0.0
STANDARD=INTERNAL
LTCAPP=NONE
LTCDAYS=0.0
LTCTYPE=NONE
REDUCEDMAGS=NONE
UCORMAG=0.0
PUBLICATION=(2016) Astron. J. 150, A75
BIBCODE=2016AJ....150...75W
COMMENT=Earth/Sun distances (AU): 1.6873/2.6646
DELIMITER=PIPE
ENDMETADATA
DATA=2456664.64351|18.703|0.049|
DATA=2456664.65755|19.307|0.072|
DATA=2456664.67269|18.989|0.054|
DATA=2456664.68725|18.625|0.035|
DATA=2456664.70192|18.292|0.029|
DATA=2456664.71567|18.292|0.029|
DATA=2456664.72937|18.308|0.028|
DATA=2456664.75683|19.317|0.055|
DATA=2456664.77061|18.815|0.040|
DATA=2456664.79805|18.254|0.024|
DATA=2456664.82557|18.370|0.023|
DATA=2456664.88091|18.455|0.028|
DATA=2456664.89689|18.241|0.020|
DATA=2456664.91090|18.257|0.022|
DATA=2456664.92692|18.384|0.023|
DATA=2456664.98240|18.324|0.030|
DATA=2456664.99643|18.313|0.028|
DATA=2456665.01037|18.276|0.026|
DATA=2456665.02435|18.500|0.032|
DATA=2456665.03833|18.897|0.046|
ENDDATA
STARTMETADATA
REVISEDDATA=FALSE
OBJECTNUMBER=42904
OBJECTNAME=1999 RV202
MPCDESIG=1999 RV202
SESSIONDATE=2014-01-08
SESSIONTIME=10:04:30
CONTACTNAME=A. Waszczak
CONTACTINFO=awaszczak@gmail.com
OBSERVERS=Waszczak, A. Chang, C.-K., 11 co-authors
OBSLONGITUDE=-116.8639
OBSLATITUDE=33.3558
OBJECTRA=07:45
OBJECTDEC=+22
PHASE=+2.43
PABL=+113.2
PABB=+0.7
FILTER=R
MAGBAND=R
CICORRECTION=FALSE
CIBAND=NONE
CITARGET=0.000
DIFFERMAGS=FALSE
MAGADJUST=0.0
STANDARD=INTERNAL
LTCAPP=NONE
LTCDAYS=0.0
LTCTYPE=NONE
REDUCEDMAGS=NONE
UCORMAG=0.0
PUBLICATION=(2016) Astron. J. 150, A75
BIBCODE=2016AJ....150...75W
COMMENT=Earth/Sun distances (AU): 1.6847/2.6639
DELIMITER=PIPE
ENDMETADATA
DATA=2456665.81481|19.118|0.076|
DATA=2456665.82857|19.093|0.088|
DATA=2456665.85608|18.321|0.042|
DATA=2456665.88380|18.242|0.029|
DATA=2456665.89767|18.583|0.033|
DATA=2456665.92672|19.105|0.079|
DATA=2456665.94056|18.598|0.071|
DATA=2456665.97043|18.306|0.037|
DATA=2456665.98542|18.352|0.037|
DATA=2456665.99932|18.670|0.037|
DATA=2456666.01440|19.137|0.065|
ENDDATA
