STARTMETADATA
REVISEDDATA=FALSE
OBJECTNUMBER=14413
OBJECTNAME=Geiger
MPCDESIG=1991 RT3
SESSIONDATE=2015-10-06
SESSIONTIME=11:04:00
CONTACTNAME=J. Oey
CONTACTINFO=julianoey1@optusnet.com.au
OBSERVERS=julianoey1@optusnet.com.au
OBSLONGITUDE=+150.341667
OBSLATITUDE=-33.706667
OBJECTRA=21:21
OBJECTDEC=-08
PHASE=+22.52
PABL=+331.4
PABB=+5.8
FILTER=R
MAGBAND=R
CICORRECTION=FALSE
CIBAND=NONE
CITARGET=+0.000
DIFFERMAGS=FALSE
MAGADJUST=0.0
STANDARD=INTERNAL
LTCAPP=NONE
LTCDAYS=-0.007603
LTCTYPE=NONE
REDUCEDMAGS=NONE
UCORMAG=-2.1886
PUBLICATION=
BIBCODE=
COMMENT=Heliocentric ecliptic longitude/latitude: +320.17/+6.96
COMMENT=Earth/Sun distances (AU): +2.0800/+1.3172
COMMENT=PSABA
COMMENT=Observer Instrumentation: 0.61m f6.8 CDK/Apogee U42
DELIMITER=PIPE
COMPNAME1=212117.70 -080803.5
COMPRA1=21:21:17.71
COMPDEC1=-08:08:03.6
COMPMAG1=+15.931
COMPCI1=+0.489
COMPNAME2=212130.67 -080822.2
COMPRA2=21:21:30.67
COMPDEC2=-08:08:22.2
COMPMAG2=+16.025
COMPCI2=+0.456
COMPNAME3=212131.46 -080925.5
COMPRA3=21:21:31.45
COMPDEC3=-08:09:25.3
COMPMAG3=+15.767
COMPCI3=+0.459
COMPNAME4=212131.77 -080951.4
COMPRA4=21:21:31.77
COMPDEC4=-08:09:51.5
COMPMAG4=+15.097
COMPCI4=+0.489
COMPNAME5=212118.49 -081054.2
COMPRA5=21:21:18.48
COMPDEC5=-08:10:54.4
COMPMAG5=+14.899
COMPCI5=+0.468
ENDMETADATA
DATA=2457301.893318|+17.424|+0.020|
DATA=2457301.896905|+17.431|+0.020|
DATA=2457301.900497|+17.427|+0.020|
DATA=2457301.907670|+17.471|+0.020|
DATA=2457301.915166|+17.465|+0.020|
DATA=2457301.922344|+17.400|+0.019|
DATA=2457301.925930|+17.365|+0.019|
DATA=2457301.929517|+17.402|+0.019|
DATA=2457301.979682|+17.398|+0.018|
DATA=2457301.983269|+17.367|+0.018|
DATA=2457301.986860|+17.434|+0.019|
DATA=2457301.990447|+17.421|+0.019|
DATA=2457301.994034|+17.519|+0.020|
DATA=2457301.997621|+17.570|+0.021|
DATA=2457302.007079|+17.473|+0.020|
DATA=2457302.010666|+17.348|+0.018|
DATA=2457302.015468|+17.342|+0.018|
DATA=2457302.025756|+17.373|+0.019|
DATA=2457302.029343|+17.306|+0.018|
ENDDATA
