STARTMETADATA
REVISEDDATA=FALSE
OBJECTNUMBER=14014
OBJECTNAME=Munchhausen
MPCDESIG=1994 AL16
SESSIONDATE=2009-11-17
SESSIONTIME=10:34:33
CONTACTNAME=A. Waszczak
CONTACTINFO=awaszczak@gmail.com
OBSERVERS=Waszczak, A. Chang, C.-K., 11 co-authors
OBSLONGITUDE=-116.8639
OBSLATITUDE=33.3558
OBJECTRA=08:31
OBJECTDEC=+07
PHASE=+19.41
PABL=+118.4
PABB=-10.3
FILTER=R
MAGBAND=R
CICORRECTION=FALSE
CIBAND=NONE
CITARGET=0.000
DIFFERMAGS=FALSE
MAGADJUST=0.0
STANDARD=INTERNAL
LTCAPP=NONE
LTCDAYS=0.0
LTCTYPE=NONE
REDUCEDMAGS=NONE
UCORMAG=0.0
PUBLICATION=(2016) Astron. J. 150, A75
BIBCODE=2016AJ....150...75W
COMMENT=Earth/Sun distances (AU): 2.4092/2.8527
DELIMITER=PIPE
ENDMETADATA
DATA=2455152.84089|18.593|0.041|
DATA=2455152.84839|18.703|0.048|
DATA=2455152.85596|18.638|0.044|
DATA=2455152.86349|18.489|0.038|
DATA=2455152.87867|18.143|0.025|
DATA=2455152.88631|18.125|0.024|
DATA=2455152.89392|18.087|0.023|
DATA=2455152.90154|18.041|0.021|
DATA=2455152.90918|18.086|0.021|
DATA=2455152.91686|18.113|0.023|
DATA=2455152.92452|18.127|0.023|
DATA=2455152.93223|18.053|0.025|
DATA=2455152.93995|18.097|0.023|
DATA=2455152.94772|18.196|0.024|
DATA=2455152.95548|18.266|0.025|
DATA=2455152.96326|18.264|0.025|
DATA=2455152.97108|18.414|0.026|
DATA=2455152.97897|18.483|0.027|
DATA=2455153.00345|18.391|0.025|
DATA=2455153.01039|18.335|0.025|
DATA=2455153.01733|18.281|0.024|
DATA=2455153.02431|18.195|0.025|
DATA=2455153.05247|18.109|0.023|
DATA=2455153.05954|18.065|0.038|
ENDDATA
STARTMETADATA
REVISEDDATA=FALSE
OBJECTNUMBER=14014
OBJECTNAME=Munchhausen
MPCDESIG=1994 AL16
SESSIONDATE=2009-11-16
SESSIONTIME=09:32:35
CONTACTNAME=A. Waszczak
CONTACTINFO=awaszczak@gmail.com
OBSERVERS=Waszczak, A. Chang, C.-K., 11 co-authors
OBSLONGITUDE=-116.8639
OBSLATITUDE=33.3558
OBJECTRA=08:30
OBJECTDEC=+07
PHASE=+19.50
PABL=+118.2
PABB=-10.3
FILTER=R
MAGBAND=R
CICORRECTION=FALSE
CIBAND=NONE
CITARGET=0.000
DIFFERMAGS=FALSE
MAGADJUST=0.0
STANDARD=INTERNAL
LTCAPP=NONE
LTCDAYS=0.0
LTCTYPE=NONE
REDUCEDMAGS=NONE
UCORMAG=0.0
PUBLICATION=(2016) Astron. J. 150, A75
BIBCODE=2016AJ....150...75W
COMMENT=Earth/Sun distances (AU): 2.4226/2.8526
DELIMITER=PIPE
ENDMETADATA
DATA=2455151.84362|18.434|0.053|
DATA=2455151.88798|18.028|0.032|
DATA=2455151.88941|18.218|0.032|
DATA=2455151.93284|18.127|0.029|
DATA=2455151.93430|18.168|0.029|
ENDDATA
