STARTMETADATA
REVISEDDATA=FALSE
OBJECTNUMBER=58540
OBJECTNAME=1997 ET17
MPCDESIG=1997 ET17
SESSIONDATE=2010-04-16
SESSIONTIME=08:53:27
CONTACTNAME=A. Waszczak
CONTACTINFO=awaszczak@gmail.com
OBSERVERS=Waszczak, A. Chang, C.-K., 11 co-authors
OBSLONGITUDE=-116.8639
OBSLATITUDE=33.3558
OBJECTRA=10:44
OBJECTDEC=+06
PHASE=+18.01
PABL=+169.2
PABB=-1.6
FILTER=R
MAGBAND=R
CICORRECTION=FALSE
CIBAND=NONE
CITARGET=0.000
DIFFERMAGS=FALSE
MAGADJUST=0.0
STANDARD=INTERNAL
LTCAPP=NONE
LTCDAYS=0.0
LTCTYPE=NONE
REDUCEDMAGS=NONE
UCORMAG=0.0
PUBLICATION=(2016) Astron. J. 150, A75
BIBCODE=2016AJ....150...75W
COMMENT=Earth/Sun distances (AU): 1.5190/2.3314
DELIMITER=PIPE
ENDMETADATA
DATA=2455302.85125|18.380|0.031|
DATA=2455302.85817|18.530|0.039|
DATA=2455302.86046|18.677|0.037|
DATA=2455302.86276|18.593|0.041|
DATA=2455302.86506|18.657|0.040|
DATA=2455302.86737|18.622|0.040|
DATA=2455302.86968|18.777|0.041|
DATA=2455302.87199|18.650|0.043|
DATA=2455302.87432|18.621|0.041|
DATA=2455302.88024|18.625|0.038|
DATA=2455302.88255|18.553|0.034|
DATA=2455302.88488|18.350|0.037|
DATA=2455302.88721|18.419|0.034|
ENDDATA
STARTMETADATA
REVISEDDATA=FALSE
OBJECTNUMBER=58540
OBJECTNAME=1997 ET17
MPCDESIG=1997 ET17
SESSIONDATE=2010-04-17
SESSIONTIME=07:25:27
CONTACTNAME=A. Waszczak
CONTACTINFO=awaszczak@gmail.com
OBSERVERS=Waszczak, A. Chang, C.-K., 11 co-authors
OBSLONGITUDE=-116.8639
OBSLATITUDE=33.3558
OBJECTRA=10:44
OBJECTDEC=+06
PHASE=+18.31
PABL=+169.3
PABB=-1.6
FILTER=R
MAGBAND=R
CICORRECTION=FALSE
CIBAND=NONE
CITARGET=0.000
DIFFERMAGS=FALSE
MAGADJUST=0.0
STANDARD=INTERNAL
LTCAPP=NONE
LTCDAYS=0.0
LTCTYPE=NONE
REDUCEDMAGS=NONE
UCORMAG=0.0
PUBLICATION=(2016) Astron. J. 150, A75
BIBCODE=2016AJ....150...75W
COMMENT=Earth/Sun distances (AU): 1.5286/2.3328
DELIMITER=PIPE
ENDMETADATA
DATA=2455303.68292|18.271|0.025|
DATA=2455303.69235|18.413|0.028|
DATA=2455303.70177|18.583|0.033|
DATA=2455303.71120|18.722|0.040|
DATA=2455303.72062|18.899|0.044|
DATA=2455303.73000|18.686|0.033|
DATA=2455303.73943|18.340|0.030|
DATA=2455303.74884|18.372|0.029|
DATA=2455303.75836|18.297|0.028|
DATA=2455303.76792|18.289|0.027|
DATA=2455303.77751|18.365|0.030|
DATA=2455303.78712|18.392|0.031|
DATA=2455303.79679|18.497|0.034|
DATA=2455303.80653|18.571|0.042|
DATA=2455303.81627|18.794|0.047|
DATA=2455303.82486|18.913|0.051|
DATA=2455303.83099|18.599|0.044|
DATA=2455303.83892|18.542|0.044|
DATA=2455303.84334|18.357|0.039|
DATA=2455303.84663|18.353|0.038|
DATA=2455303.84991|18.327|0.037|
DATA=2455303.85664|18.283|0.043|
DATA=2455303.85883|18.296|0.045|
DATA=2455303.86103|18.326|0.044|
DATA=2455303.86321|18.264|0.045|
DATA=2455303.86541|18.236|0.044|
DATA=2455303.86760|18.279|0.053|
DATA=2455303.86983|18.275|0.048|
DATA=2455303.87202|18.336|0.047|
DATA=2455303.87422|18.370|0.063|
DATA=2455303.88025|18.410|0.064|
DATA=2455303.88244|18.377|0.071|
DATA=2455303.88463|18.328|0.067|
ENDDATA
