STARTMETADATA
REVISEDDATA=FALSE
OBJECTNUMBER=236497
OBJECTNAME=2006 GU20
MPCDESIG=2006 GU20
SESSIONDATE=2014-02-23
SESSIONTIME=09:10:00
CONTACTNAME=A. Waszczak
CONTACTINFO=awaszczak@gmail.com
OBSERVERS=Waszczak, A. Chang, C.-K., 11 co-authors
OBSLONGITUDE=-116.8639
OBSLATITUDE=33.3558
OBJECTRA=10:38
OBJECTDEC=+11
PHASE=+1.50
PABL=+156.5
PABB=+2.1
FILTER=R
MAGBAND=R
CICORRECTION=FALSE
CIBAND=NONE
CITARGET=0.000
DIFFERMAGS=FALSE
MAGADJUST=0.0
STANDARD=INTERNAL
LTCAPP=NONE
LTCDAYS=0.0
LTCTYPE=NONE
REDUCEDMAGS=NONE
UCORMAG=0.0
PUBLICATION=(2016) Astron. J. 150, A75
BIBCODE=2016AJ....150...75W
COMMENT=Earth/Sun distances (AU): 1.3980/2.3863
DELIMITER=PIPE
ENDMETADATA
DATA=2456711.67247|19.573|0.081|
DATA=2456711.69128|19.602|0.082|
DATA=2456711.72252|19.807|0.083|
DATA=2456711.74427|19.780|0.091|
DATA=2456711.88316|20.039|0.086|
DATA=2456711.90224|19.903|0.088|
DATA=2456711.91754|19.966|0.098|
DATA=2456711.93133|19.688|0.082|
DATA=2456711.95015|19.676|0.079|
DATA=2456711.96381|19.573|0.075|
DATA=2456711.97519|19.533|0.070|
DATA=2456711.98547|19.491|0.075|
DATA=2456711.99496|19.406|0.076|
DATA=2456712.01290|19.624|0.082|
ENDDATA
STARTMETADATA
REVISEDDATA=FALSE
OBJECTNUMBER=236497
OBJECTNAME=2006 GU20
MPCDESIG=2006 GU20
SESSIONDATE=2014-02-22
SESSIONTIME=08:51:43
CONTACTNAME=A. Waszczak
CONTACTINFO=awaszczak@gmail.com
OBSERVERS=Waszczak, A. Chang, C.-K., 11 co-authors
OBSLONGITUDE=-116.8639
OBSLATITUDE=33.3558
OBJECTRA=10:39
OBJECTDEC=+11
PHASE=+1.90
PABL=+156.4
PABB=+2.1
FILTER=R
MAGBAND=R
CICORRECTION=FALSE
CIBAND=NONE
CITARGET=0.000
DIFFERMAGS=FALSE
MAGADJUST=0.0
STANDARD=INTERNAL
LTCAPP=NONE
LTCDAYS=0.0
LTCTYPE=NONE
REDUCEDMAGS=NONE
UCORMAG=0.0
PUBLICATION=(2016) Astron. J. 150, A75
BIBCODE=2016AJ....150...75W
COMMENT=Earth/Sun distances (AU): 1.3980/2.3854
DELIMITER=PIPE
ENDMETADATA
DATA=2456710.67400|19.891|0.097|
DATA=2456710.72110|20.063|0.098|
DATA=2456710.75197|20.187|0.095|
DATA=2456710.78445|19.953|0.091|
DATA=2456710.79980|20.102|0.090|
DATA=2456710.81516|19.975|0.091|
DATA=2456710.84649|19.852|0.091|
DATA=2456710.90821|19.507|0.074|
DATA=2456710.93895|19.586|0.082|
DATA=2456710.95287|19.674|0.076|
DATA=2456710.96860|19.464|0.082|
DATA=2456710.98952|19.736|0.091|
DATA=2456711.00522|19.612|0.099|
DATA=2456711.01322|19.711|0.093|
ENDDATA
STARTMETADATA
REVISEDDATA=FALSE
OBJECTNUMBER=236497
OBJECTNAME=2006 GU20
MPCDESIG=2006 GU20
SESSIONDATE=2014-02-21
SESSIONTIME=07:04:56
CONTACTNAME=A. Waszczak
CONTACTINFO=awaszczak@gmail.com
OBSERVERS=Waszczak, A. Chang, C.-K., 11 co-authors
OBSLONGITUDE=-116.8639
OBSLATITUDE=33.3558
OBJECTRA=10:40
OBJECTDEC=+11
PHASE=+2.37
PABL=+156.4
PABB=+2.0
FILTER=R
MAGBAND=R
CICORRECTION=FALSE
CIBAND=NONE
CITARGET=0.000
DIFFERMAGS=FALSE
MAGADJUST=0.0
STANDARD=INTERNAL
LTCAPP=NONE
LTCDAYS=0.0
LTCTYPE=NONE
REDUCEDMAGS=NONE
UCORMAG=0.0
PUBLICATION=(2016) Astron. J. 150, A75
BIBCODE=2016AJ....150...75W
COMMENT=Earth/Sun distances (AU): 1.3984/2.3845
DELIMITER=PIPE
ENDMETADATA
DATA=2456709.79510|19.908|0.094|
ENDDATA
STARTMETADATA
REVISEDDATA=FALSE
OBJECTNUMBER=236497
OBJECTNAME=2006 GU20
MPCDESIG=2006 GU20
SESSIONDATE=2014-02-20
SESSIONTIME=09:13:36
CONTACTNAME=A. Waszczak
CONTACTINFO=awaszczak@gmail.com
OBSERVERS=Waszczak, A. Chang, C.-K., 11 co-authors
OBSLONGITUDE=-116.8639
OBSLATITUDE=33.3558
OBJECTRA=10:41
OBJECTDEC=+11
PHASE=+2.79
PABL=+156.4
PABB=+2.0
FILTER=R
MAGBAND=R
CICORRECTION=FALSE
CIBAND=NONE
CITARGET=0.000
DIFFERMAGS=FALSE
MAGADJUST=0.0
STANDARD=INTERNAL
LTCAPP=NONE
LTCDAYS=0.0
LTCTYPE=NONE
REDUCEDMAGS=NONE
UCORMAG=0.0
PUBLICATION=(2016) Astron. J. 150, A75
BIBCODE=2016AJ....150...75W
COMMENT=Earth/Sun distances (AU): 1.3989/2.3837
DELIMITER=PIPE
ENDMETADATA
DATA=2456708.88445|19.443|0.100|
ENDDATA
