STARTMETADATA
REVISEDDATA=FALSE
OBJECTNUMBER=95971
OBJECTNAME=2004 LU8
MPCDESIG=2004 LU8
SESSIONDATE=2014-02-21
SESSIONTIME=07:44:15
CONTACTNAME=A. Waszczak
CONTACTINFO=awaszczak@gmail.com
OBSERVERS=Waszczak, A. Chang, C.-K., 11 co-authors
OBSLONGITUDE=-116.8639
OBSLATITUDE=33.3558
OBJECTRA=10:21
OBJECTDEC=+12
PHASE=+0.78
PABL=+152.5
PABB=+1.9
FILTER=R
MAGBAND=R
CICORRECTION=FALSE
CIBAND=NONE
CITARGET=0.000
DIFFERMAGS=FALSE
MAGADJUST=0.0
STANDARD=INTERNAL
LTCAPP=NONE
LTCDAYS=0.0
LTCTYPE=NONE
REDUCEDMAGS=NONE
UCORMAG=0.0
PUBLICATION=(2016) Astron. J. 150, A75
BIBCODE=2016AJ....150...75W
COMMENT=Earth/Sun distances (AU): 1.9079/2.8963
DELIMITER=PIPE
ENDMETADATA
DATA=2456709.77623|18.915|0.056|
DATA=2456709.79167|19.202|0.055|
DATA=2456709.80756|19.543|0.079|
DATA=2456709.91414|19.019|0.097|
ENDDATA
STARTMETADATA
REVISEDDATA=FALSE
OBJECTNUMBER=95971
OBJECTNAME=2004 LU8
MPCDESIG=2004 LU8
SESSIONDATE=2014-02-22
SESSIONTIME=08:08:43
CONTACTNAME=A. Waszczak
CONTACTINFO=awaszczak@gmail.com
OBSERVERS=Waszczak, A. Chang, C.-K., 11 co-authors
OBSLONGITUDE=-116.8639
OBSLATITUDE=33.3558
OBJECTRA=10:20
OBJECTDEC=+12
PHASE=+0.87
PABL=+152.5
PABB=+1.9
FILTER=R
MAGBAND=R
CICORRECTION=FALSE
CIBAND=NONE
CITARGET=0.000
DIFFERMAGS=FALSE
MAGADJUST=0.0
STANDARD=INTERNAL
LTCAPP=NONE
LTCDAYS=0.0
LTCTYPE=NONE
REDUCEDMAGS=NONE
UCORMAG=0.0
PUBLICATION=(2016) Astron. J. 150, A75
BIBCODE=2016AJ....150...75W
COMMENT=Earth/Sun distances (AU): 1.9078/2.8964
DELIMITER=PIPE
ENDMETADATA
DATA=2456710.66746|19.217|0.061|
DATA=2456710.68200|19.012|0.048|
DATA=2456710.69767|19.006|0.049|
DATA=2456710.71340|19.025|0.047|
DATA=2456710.72910|19.318|0.054|
DATA=2456710.74486|19.558|0.061|
DATA=2456710.76165|19.910|0.072|
DATA=2456710.77695|19.939|0.074|
DATA=2456710.79262|19.380|0.053|
DATA=2456710.80782|19.129|0.044|
DATA=2456710.82320|18.997|0.042|
DATA=2456710.83873|18.999|0.044|
DATA=2456710.85572|19.155|0.048|
DATA=2456710.87127|19.513|0.061|
DATA=2456710.88764|19.663|0.092|
DATA=2456710.90359|19.943|0.087|
DATA=2456710.91929|19.568|0.095|
DATA=2456710.93432|19.339|0.063|
DATA=2456710.94823|19.125|0.058|
DATA=2456710.96396|19.003|0.053|
DATA=2456710.98720|19.087|0.060|
DATA=2456710.99533|19.207|0.076|
DATA=2456711.00406|19.295|0.074|
ENDDATA
STARTMETADATA
REVISEDDATA=FALSE
OBJECTNUMBER=95971
OBJECTNAME=2004 LU8
MPCDESIG=2004 LU8
SESSIONDATE=2014-02-23
SESSIONTIME=07:53:03
CONTACTNAME=A. Waszczak
CONTACTINFO=awaszczak@gmail.com
OBSERVERS=Waszczak, A. Chang, C.-K., 11 co-authors
OBSLONGITUDE=-116.8639
OBSLATITUDE=33.3558
OBJECTRA=10:19
OBJECTDEC=+12
PHASE=+1.13
PABL=+152.5
PABB=+1.9
FILTER=R
MAGBAND=R
CICORRECTION=FALSE
CIBAND=NONE
CITARGET=0.000
DIFFERMAGS=FALSE
MAGADJUST=0.0
STANDARD=INTERNAL
LTCAPP=NONE
LTCDAYS=0.0
LTCTYPE=NONE
REDUCEDMAGS=NONE
UCORMAG=0.0
PUBLICATION=(2016) Astron. J. 150, A75
BIBCODE=2016AJ....150...75W
COMMENT=Earth/Sun distances (AU): 1.9080/2.8964
DELIMITER=PIPE
ENDMETADATA
DATA=2456711.66241|19.155|0.059|
DATA=2456711.71215|19.879|0.084|
DATA=2456711.72825|19.505|0.059|
DATA=2456711.74542|19.216|0.051|
DATA=2456711.76139|18.916|0.041|
DATA=2456711.77686|19.055|0.043|
DATA=2456711.79248|19.159|0.044|
DATA=2456711.80738|19.563|0.082|
DATA=2456711.82298|19.670|0.063|
DATA=2456711.83944|20.097|0.084|
DATA=2456711.85318|19.476|0.066|
DATA=2456711.88430|19.177|0.048|
DATA=2456711.89994|19.055|0.047|
DATA=2456711.91524|19.132|0.054|
DATA=2456711.92902|19.169|0.059|
DATA=2456711.96153|19.582|0.080|
DATA=2456711.99268|19.698|0.088|
ENDDATA
