STARTMETADATA
REVISEDDATA=FALSE
OBJECTNUMBER=6469
OBJECTNAME=Armstrong
MPCDESIG=1982 PC
SESSIONDATE=2014-02-21
SESSIONTIME=07:27:57
CONTACTNAME=A. Waszczak
CONTACTINFO=awaszczak@gmail.com
OBSERVERS=Waszczak, A. Chang, C.-K., 11 co-authors
OBSLONGITUDE=-116.8639
OBSLATITUDE=33.3558
OBJECTRA=09:28
OBJECTDEC=+13
PHASE=+4.51
PABL=+142.6
PABB=-1.3
FILTER=R
MAGBAND=R
CICORRECTION=FALSE
CIBAND=NONE
CITARGET=0.000
DIFFERMAGS=FALSE
MAGADJUST=0.0
STANDARD=INTERNAL
LTCAPP=NONE
LTCDAYS=0.0
LTCTYPE=NONE
REDUCEDMAGS=NONE
UCORMAG=0.0
PUBLICATION=(2016) Astron. J. 150, A75
BIBCODE=2016AJ....150...75W
COMMENT=Earth/Sun distances (AU): 1.6752/2.6502
DELIMITER=PIPE
ENDMETADATA
DATA=2456709.64451|17.754|0.019|
DATA=2456709.65402|17.761|0.018|
DATA=2456709.67023|17.804|0.020|
DATA=2456709.68887|18.061|0.025|
DATA=2456709.75013|17.858|0.067|
DATA=2456709.76541|17.846|0.044|
DATA=2456709.79622|17.816|0.019|
DATA=2456709.82885|18.388|0.045|
DATA=2456709.84455|18.630|0.056|
DATA=2456709.85943|18.140|0.042|
DATA=2456709.87498|17.828|0.043|
DATA=2456709.88995|17.720|0.035|
DATA=2456709.90491|17.714|0.032|
DATA=2456709.92055|17.858|0.039|
DATA=2456709.93548|18.116|0.053|
DATA=2456709.94929|18.477|0.086|
ENDDATA
STARTMETADATA
REVISEDDATA=FALSE
OBJECTNUMBER=6469
OBJECTNAME=Armstrong
MPCDESIG=1982 PC
SESSIONDATE=2014-02-20
SESSIONTIME=07:17:19
CONTACTNAME=A. Waszczak
CONTACTINFO=awaszczak@gmail.com
OBSERVERS=Waszczak, A. Chang, C.-K., 11 co-authors
OBSLONGITUDE=-116.8639
OBSLATITUDE=33.3558
OBJECTRA=09:29
OBJECTDEC=+13
PHASE=+4.04
PABL=+142.6
PABB=-1.3
FILTER=R
MAGBAND=R
CICORRECTION=FALSE
CIBAND=NONE
CITARGET=0.000
DIFFERMAGS=FALSE
MAGADJUST=0.0
STANDARD=INTERNAL
LTCAPP=NONE
LTCDAYS=0.0
LTCTYPE=NONE
REDUCEDMAGS=NONE
UCORMAG=0.0
PUBLICATION=(2016) Astron. J. 150, A75
BIBCODE=2016AJ....150...75W
COMMENT=Earth/Sun distances (AU): 1.6733/2.6508
DELIMITER=PIPE
ENDMETADATA
DATA=2456708.64447|17.702|0.020|
DATA=2456708.66064|17.748|0.020|
DATA=2456708.67656|17.854|0.019|
DATA=2456708.69281|18.120|0.022|
DATA=2456708.70906|18.493|0.029|
DATA=2456708.72531|18.308|0.025|
DATA=2456708.74044|17.951|0.020|
DATA=2456708.75557|17.776|0.018|
DATA=2456708.77071|17.722|0.017|
DATA=2456708.81677|18.154|0.026|
DATA=2456708.83210|18.430|0.034|
DATA=2456708.84753|18.349|0.031|
DATA=2456708.86289|17.934|0.023|
DATA=2456708.87871|17.828|0.023|
DATA=2456708.89497|17.690|0.022|
DATA=2456708.91299|17.769|0.025|
DATA=2456708.92932|17.929|0.031|
DATA=2456708.95218|18.289|0.052|
DATA=2456708.96727|18.714|0.070|
ENDDATA
