STARTMETADATA
REVISEDDATA=FALSE
OBJECTNUMBER=51937
OBJECTNAME=2001 QD159
MPCDESIG=2001 QD159
SESSIONDATE=2014-02-11
SESSIONTIME=07:54:48
CONTACTNAME=A. Waszczak
CONTACTINFO=awaszczak@gmail.com
OBSERVERS=Waszczak, A. Chang, C.-K., 11 co-authors
OBSLONGITUDE=-116.8639
OBSLATITUDE=33.3558
OBJECTRA=09:50
OBJECTDEC=+12
PHASE=+1.13
PABL=+145.0
PABB=-0.3
FILTER=R
MAGBAND=R
CICORRECTION=FALSE
CIBAND=NONE
CITARGET=0.000
DIFFERMAGS=FALSE
MAGADJUST=0.0
STANDARD=INTERNAL
LTCAPP=NONE
LTCDAYS=0.0
LTCTYPE=NONE
REDUCEDMAGS=NONE
UCORMAG=0.0
PUBLICATION=(2016) Astron. J. 150, A75
BIBCODE=2016AJ....150...75W
COMMENT=Earth/Sun distances (AU): 1.8825/2.8684
DELIMITER=PIPE
ENDMETADATA
DATA=2456699.74391|17.558|0.046|
DATA=2456699.78467|17.613|0.031|
DATA=2456699.81598|18.063|0.038|
DATA=2456699.84626|17.947|0.033|
DATA=2456699.87700|17.465|0.023|
DATA=2456699.91055|17.554|0.026|
ENDDATA
STARTMETADATA
REVISEDDATA=FALSE
OBJECTNUMBER=51937
OBJECTNAME=2001 QD159
MPCDESIG=2001 QD159
SESSIONDATE=2014-02-20
SESSIONTIME=07:20:46
CONTACTNAME=A. Waszczak
CONTACTINFO=awaszczak@gmail.com
OBSERVERS=Waszczak, A. Chang, C.-K., 11 co-authors
OBSLONGITUDE=-116.8639
OBSLATITUDE=33.3558
OBJECTRA=09:43
OBJECTDEC=+13
PHASE=+2.65
PABL=+145.0
PABB=-0.2
FILTER=R
MAGBAND=R
CICORRECTION=FALSE
CIBAND=NONE
CITARGET=0.000
DIFFERMAGS=FALSE
MAGADJUST=0.0
STANDARD=INTERNAL
LTCAPP=NONE
LTCDAYS=0.0
LTCTYPE=NONE
REDUCEDMAGS=NONE
UCORMAG=0.0
PUBLICATION=(2016) Astron. J. 150, A75
BIBCODE=2016AJ....150...75W
COMMENT=Earth/Sun distances (AU): 1.8949/2.8777
DELIMITER=PIPE
ENDMETADATA
DATA=2456708.64332|17.674|0.021|
DATA=2456708.65714|17.691|0.019|
DATA=2456708.67309|17.931|0.025|
DATA=2456708.68934|18.281|0.029|
DATA=2456708.70557|18.248|0.027|
DATA=2456708.72067|17.889|0.019|
DATA=2456708.73694|17.713|0.017|
DATA=2456708.75324|17.556|0.015|
DATA=2456708.76839|17.568|0.016|
DATA=2456708.78356|17.674|0.017|
DATA=2456708.81563|17.953|0.023|
DATA=2456708.83097|18.220|0.028|
DATA=2456708.84640|18.163|0.026|
DATA=2456708.86174|17.925|0.022|
DATA=2456708.89300|17.612|0.020|
DATA=2456708.91418|17.660|0.022|
DATA=2456708.93051|17.734|0.025|
DATA=2456708.95104|18.061|0.045|
DATA=2456708.96614|18.246|0.051|
DATA=2456708.98099|18.483|0.081|
ENDDATA
STARTMETADATA
REVISEDDATA=FALSE
OBJECTNUMBER=51937
OBJECTNAME=2001 QD159
MPCDESIG=2001 QD159
SESSIONDATE=2014-02-21
SESSIONTIME=06:33:07
CONTACTNAME=A. Waszczak
CONTACTINFO=awaszczak@gmail.com
OBSERVERS=Waszczak, A. Chang, C.-K., 11 co-authors
OBSLONGITUDE=-116.8639
OBSLATITUDE=33.3558
OBJECTRA=09:42
OBJECTDEC=+13
PHASE=+3.05
PABL=+145.0
PABB=-0.2
FILTER=R
MAGBAND=R
CICORRECTION=FALSE
CIBAND=NONE
CITARGET=0.000
DIFFERMAGS=FALSE
MAGADJUST=0.0
STANDARD=INTERNAL
LTCAPP=NONE
LTCDAYS=0.0
LTCTYPE=NONE
REDUCEDMAGS=NONE
UCORMAG=0.0
PUBLICATION=(2016) Astron. J. 150, A75
BIBCODE=2016AJ....150...75W
COMMENT=Earth/Sun distances (AU): 1.8976/2.8787
DELIMITER=PIPE
ENDMETADATA
DATA=2456709.64337|17.995|0.023|
DATA=2456709.65289|18.201|0.026|
DATA=2456709.66907|18.265|0.028|
DATA=2456709.68546|18.095|0.030|
DATA=2456709.74672|17.686|0.062|
DATA=2456709.77737|17.948|0.023|
DATA=2456709.79280|18.187|0.021|
DATA=2456709.80869|18.318|0.028|
DATA=2456709.82362|18.149|0.040|
DATA=2456709.83914|17.762|0.030|
DATA=2456709.85483|17.571|0.030|
DATA=2456709.86973|17.486|0.040|
DATA=2456709.88531|17.663|0.033|
ENDDATA
