STARTMETADATA
REVISEDDATA=FALSE
OBJECTNUMBER=107110
OBJECTNAME=2001 AG37
MPCDESIG=2001 AG37
SESSIONDATE=2009-04-29
SESSIONTIME=10:12:58
CONTACTNAME=A. Waszczak
CONTACTINFO=awaszczak@gmail.com
OBSERVERS=Waszczak, A. Chang, C.-K., 11 co-authors
OBSLONGITUDE=-116.8639
OBSLATITUDE=33.3558
OBJECTRA=14:54
OBJECTDEC=+21
PHASE=+15.02
PABL=+214.6
PABB=+29.1
FILTER=SG
MAGBAND=SG
CICORRECTION=FALSE
CIBAND=NONE
CITARGET=0.000
DIFFERMAGS=FALSE
MAGADJUST=0.0
STANDARD=INTERNAL
LTCAPP=NONE
LTCDAYS=0.0
LTCTYPE=NONE
REDUCEDMAGS=NONE
UCORMAG=0.0
PUBLICATION=(2016) Astron. J. 150, A75
BIBCODE=2016AJ....150...75W
COMMENT=Earth/Sun distances (AU): 1.4498/2.3347
DELIMITER=PIPE
ENDMETADATA
DATA=2454950.86322|19.112|0.029|
DATA=2454950.87038|19.056|0.027|
DATA=2454950.87781|19.039|0.026|
DATA=2454950.88504|19.025|0.028|
DATA=2454950.89229|19.039|0.028|
DATA=2454950.89956|19.123|0.031|
DATA=2454950.90709|19.186|0.030|
DATA=2454950.91441|19.179|0.032|
DATA=2454950.92174|19.306|0.032|
DATA=2454950.92910|19.226|0.031|
DATA=2454950.93653|19.258|0.034|
DATA=2454950.94398|19.281|0.034|
DATA=2454950.95142|19.180|0.032|
DATA=2454950.95887|19.219|0.032|
DATA=2454950.96634|19.163|0.033|
DATA=2454950.97386|19.126|0.032|
DATA=2454950.98144|19.124|0.032|
DATA=2454950.98903|19.119|0.037|
ENDDATA
STARTMETADATA
REVISEDDATA=FALSE
OBJECTNUMBER=107110
OBJECTNAME=2001 AG37
MPCDESIG=2001 AG37
SESSIONDATE=2009-04-28
SESSIONTIME=07:04:13
CONTACTNAME=A. Waszczak
CONTACTINFO=awaszczak@gmail.com
OBSERVERS=Waszczak, A. Chang, C.-K., 11 co-authors
OBSLONGITUDE=-116.8639
OBSLATITUDE=33.3558
OBJECTRA=14:55
OBJECTDEC=+21
PHASE=+14.98
PABL=+214.6
PABB=+29.2
FILTER=SG
MAGBAND=SG
CICORRECTION=FALSE
CIBAND=NONE
CITARGET=0.000
DIFFERMAGS=FALSE
MAGADJUST=0.0
STANDARD=INTERNAL
LTCAPP=NONE
LTCDAYS=0.0
LTCTYPE=NONE
REDUCEDMAGS=NONE
UCORMAG=0.0
PUBLICATION=(2016) Astron. J. 150, A75
BIBCODE=2016AJ....150...75W
COMMENT=Earth/Sun distances (AU): 1.4503/2.3355
DELIMITER=PIPE
ENDMETADATA
DATA=2454949.67006|19.147|0.042|
DATA=2454949.70257|19.275|0.036|
DATA=2454949.71572|19.176|0.033|
DATA=2454949.72889|19.073|0.030|
DATA=2454949.74194|19.064|0.029|
DATA=2454949.75536|19.042|0.028|
DATA=2454949.76888|19.069|0.026|
DATA=2454949.78260|19.143|0.027|
DATA=2454949.79661|19.155|0.028|
DATA=2454949.83325|19.240|0.035|
DATA=2454949.84893|19.132|0.033|
DATA=2454949.86536|19.144|0.027|
DATA=2454949.88150|19.108|0.027|
DATA=2454949.90200|19.068|0.031|
DATA=2454949.92536|19.255|0.037|
ENDDATA
STARTMETADATA
REVISEDDATA=FALSE
OBJECTNUMBER=107110
OBJECTNAME=2001 AG37
MPCDESIG=2001 AG37
SESSIONDATE=2009-04-27
SESSIONTIME=08:41:39
CONTACTNAME=A. Waszczak
CONTACTINFO=awaszczak@gmail.com
OBSERVERS=Waszczak, A. Chang, C.-K., 11 co-authors
OBSLONGITUDE=-116.8639
OBSLATITUDE=33.3558
OBJECTRA=14:56
OBJECTDEC=+21
PHASE=+14.95
PABL=+214.6
PABB=+29.2
FILTER=SG
MAGBAND=SG
CICORRECTION=FALSE
CIBAND=NONE
CITARGET=0.000
DIFFERMAGS=FALSE
MAGADJUST=0.0
STANDARD=INTERNAL
LTCAPP=NONE
LTCDAYS=0.0
LTCTYPE=NONE
REDUCEDMAGS=NONE
UCORMAG=0.0
PUBLICATION=(2016) Astron. J. 150, A75
BIBCODE=2016AJ....150...75W
COMMENT=Earth/Sun distances (AU): 1.4509/2.3362
DELIMITER=PIPE
ENDMETADATA
DATA=2454948.74631|19.065|0.033|
DATA=2454948.75747|19.018|0.029|
DATA=2454948.76850|19.015|0.030|
DATA=2454948.77966|18.994|0.028|
DATA=2454948.79096|19.109|0.032|
DATA=2454948.81371|19.181|0.030|
DATA=2454948.84160|19.096|0.028|
DATA=2454948.85305|19.044|0.026|
DATA=2454948.86457|19.051|0.028|
DATA=2454948.87607|18.979|0.026|
DATA=2454948.88778|19.050|0.032|
DATA=2454948.89931|18.982|0.031|
DATA=2454948.91081|19.053|0.033|
DATA=2454948.92244|19.170|0.042|
DATA=2454948.93423|19.114|0.043|
DATA=2454948.94606|19.199|0.041|
DATA=2454948.95812|19.171|0.052|
DATA=2454948.97013|19.239|0.064|
ENDDATA
