STARTMETADATA
REVISEDDATA=FALSE
OBJECTNUMBER=88278
OBJECTNAME=2001 MM9
MPCDESIG=2001 MM9
SESSIONDATE=2015-09-11
SESSIONTIME=23:00:00
CONTACTNAME=Fabio Salvaggio
CONTACTINFO=fsalvaggio@gmail.com
OBSERVERS=Fabio Salvaggio [fsalvaggio@gmail.com]
OBSLONGITUDE=+11.336667
OBSLATITUDE=+43.312500
OBJECTRA=00:42
OBJECTDEC=+15
PHASE=+13.91
PABL=+9.3
PABB=+7.7
FILTER=C
MAGBAND=R
CICORRECTION=FALSE
CIBAND=NONE
CITARGET=+0.000
DIFFERMAGS=TRUE
MAGADJUST=0.0
STANDARD=NONE
LTCAPP=NONE
LTCDAYS=-0.006253
LTCTYPE=NONE
REDUCEDMAGS=NONE
UCORMAG=-1.7047
PUBLICATION=
BIBCODE=
COMMENT=Heliocentric ecliptic longitude/latitude: +15.94/+9.97
COMMENT=Earth/Sun distances (AU): +2.0239/+1.0833
COMMENT=20150911 Observation.
COMMENT=Observer Instrumentation: 0.60-m f/4 reflector/Apogee Alta 1024
DELIMITER=PIPE
COMPNAME5=004232.88 +153354.4
COMPRA5=
COMPDEC5=
COMPMAG5=+0.000
COMPCI5=+0.000
COMPNAME4=004149.82 +152731.6
COMPRA4=
COMPDEC4=
COMPMAG4=+0.000
COMPCI4=+0.000
COMPNAME3=004258.12 +151544.2
COMPRA3=
COMPDEC3=
COMPMAG3=+0.000
COMPCI3=+0.000
COMPNAME2=004311.93 +153020.3
COMPRA2=
COMPDEC2=
COMPMAG2=+0.000
COMPCI2=+0.000
COMPNAME1=004221.05 +153223.6
COMPRA1=
COMPDEC1=
COMPMAG1=+0.000
COMPCI1=+0.000
ENDMETADATA
DATA=2457277.335093|+3.837|+0.272|
DATA=2457277.339028|+3.773|+0.272|
DATA=2457277.342963|+3.943|+0.272|
DATA=2457277.346898|+4.009|+0.272|
DATA=2457277.350833|+3.842|+0.218|
DATA=2457277.354780|+3.768|+0.218|
DATA=2457277.358727|+3.816|+0.218|
DATA=2457277.362662|+3.728|+0.218|
DATA=2457277.366597|+3.689|+0.218|
DATA=2457277.370521|+3.844|+0.218|
DATA=2457277.374444|+3.846|+0.181|
DATA=2457277.378380|+3.890|+0.218|
DATA=2457277.382303|+3.956|+0.218|
DATA=2457277.386238|+4.322|+0.362|
DATA=2457277.390174|+4.003|+0.217|
DATA=2457277.394120|+3.883|+0.217|
DATA=2457277.398056|+4.043|+0.217|
DATA=2457277.401759|+4.282|+0.272|
DATA=2457277.405451|+4.161|+0.217|
DATA=2457277.409387|+4.045|+0.217|
DATA=2457277.413310|+4.384|+0.272|
DATA=2457277.417245|+4.078|+0.217|
DATA=2457277.421181|+4.160|+0.181|
DATA=2457277.425116|+4.054|+0.217|
DATA=2457277.429039|+4.098|+0.217|
DATA=2457277.432975|+4.144|+0.217|
DATA=2457277.436898|+4.093|+0.217|
DATA=2457277.440822|+3.976|+0.181|
DATA=2457277.444745|+3.939|+0.181|
DATA=2457277.448669|+4.153|+0.217|
DATA=2457277.452616|+3.935|+0.181|
DATA=2457277.456551|+4.105|+0.217|
DATA=2457277.460486|+4.148|+0.217|
DATA=2457277.464410|+4.192|+0.217|
DATA=2457277.468345|+4.199|+0.217|
DATA=2457277.472268|+4.007|+0.181|
DATA=2457277.476204|+3.857|+0.155|
DATA=2457277.480139|+4.103|+0.217|
DATA=2457277.484086|+4.102|+0.181|
DATA=2457277.488021|+3.801|+0.136|
DATA=2457277.491725|+4.018|+0.181|
DATA=2457277.495660|+3.932|+0.155|
DATA=2457277.499595|+4.059|+0.181|
DATA=2457277.503542|+3.920|+0.155|
DATA=2457277.507454|+4.089|+0.181|
DATA=2457277.511377|+3.880|+0.155|
DATA=2457277.515312|+3.834|+0.155|
DATA=2457277.519236|+3.726|+0.121|
DATA=2457277.523171|+3.762|+0.136|
DATA=2457277.527107|+3.774|+0.136|
DATA=2457277.531042|+3.829|+0.136|
DATA=2457277.534988|+3.903|+0.155|
DATA=2457277.538935|+4.045|+0.155|
DATA=2457277.542870|+3.718|+0.136|
DATA=2457277.546794|+3.817|+0.136|
DATA=2457277.550729|+3.808|+0.136|
DATA=2457277.554664|+3.734|+0.136|
DATA=2457277.558600|+3.775|+0.136|
DATA=2457277.562512|+3.741|+0.136|
DATA=2457277.566447|+3.830|+0.136|
DATA=2457277.570382|+3.739|+0.136|
DATA=2457277.582650|+3.638|+0.121|
DATA=2457277.586424|+3.520|+0.121|
DATA=2457277.590208|+3.428|+0.109|
DATA=2457277.593993|+3.568|+0.121|
DATA=2457277.597789|+3.661|+0.136|
DATA=2457277.601597|+3.779|+0.155|
DATA=2457277.605370|+3.721|+0.136|
DATA=2457277.609178|+3.756|+0.136|
DATA=2457277.612951|+3.719|+0.155|
DATA=2457277.616748|+3.986|+0.181|
DATA=2457277.620532|+3.842|+0.181|
DATA=2457277.624317|+3.672|+0.136|
ENDDATA
