STARTMETADATA
REVISEDDATA=FALSE
OBJECTNUMBER=25328
OBJECTNAME=1999 JK83
MPCDESIG=1999 JK83
SESSIONDATE=2007-08-14
SESSIONTIME=05:51:00
CONTACTNAME=V.Reddy
CONTACTINFO=reddy@psi.edu
OBSERVERS=V.Reddy,
OBSLONGITUDE=-104.750000
OBSLATITUDE=+39.083333
OBJECTRA=22:05
OBJECTDEC=+05
PHASE=+10.81
PABL=+331.8
PABB=+12.5
FILTER=R
MAGBAND=V
CICORRECTION=FALSE
CIBAND=NONE
CITARGET=+0.000
DIFFERMAGS=TRUE
MAGADJUST=0.0
STANDARD=NONE
LTCAPP=NONE
LTCDAYS=-0.005977
LTCTYPE=NONE
REDUCEDMAGS=NONE
UCORMAG=-1.5934
PUBLICATION=
BIBCODE=
COMMENT=Heliocentric ecliptic longitude/latitude: +335.58/+16.46
COMMENT=Earth/Sun distances (AU): +2.0115/+1.0356
COMMENT=Observer Instrumentation: 0.66 m f/4.8 Reflect/Apogee AP8
COMMENT=Unless otherwise stated, the long/lat are for the observer location
DELIMITER=PIPE
COMPNAME1=X:523.3 / Y:570.5
COMPRA1=
COMPDEC1=
COMPMAG1=+0.000
COMPCI1=+0.000
COMPNAME2=X:357.6 / Y:531.8
COMPRA2=
COMPDEC2=
COMPMAG2=+0.000
COMPCI2=+0.000
ENDMETADATA
DATA=2454326.705602|+1.658|+0.020|
DATA=2454326.708160|+1.718|+0.019|
DATA=2454326.710475|+1.714|+0.018|
DATA=2454326.712870|+1.722|+0.020|
DATA=2454326.715243|+1.658|+0.016|
DATA=2454326.717546|+1.661|+0.016|
DATA=2454326.719850|+1.636|+0.016|
DATA=2454326.724433|+1.682|+0.017|
DATA=2454326.726771|+1.606|+0.015|
DATA=2454326.729097|+1.629|+0.015|
DATA=2454326.731377|+1.536|+0.014|
DATA=2454326.733727|+1.682|+0.014|
DATA=2454326.738264|+1.681|+0.012|
DATA=2454326.740532|+1.603|+0.011|
DATA=2454326.742789|+1.608|+0.010|
DATA=2454326.745035|+1.570|+0.012|
DATA=2454326.747292|+1.678|+0.012|
DATA=2454326.749549|+1.666|+0.012|
DATA=2454326.751806|+1.650|+0.014|
DATA=2454326.754062|+1.729|+0.010|
DATA=2454326.759676|+1.681|+0.016|
DATA=2454326.761921|+1.649|+0.010|
DATA=2454326.766447|+1.701|+0.009|
DATA=2454326.768727|+1.663|+0.009|
DATA=2454326.770984|+1.764|+0.009|
DATA=2454326.773252|+1.602|+0.011|
DATA=2454326.775532|+1.593|+0.013|
DATA=2454326.777801|+1.681|+0.009|
DATA=2454326.780069|+1.682|+0.012|
DATA=2454326.782396|+1.725|+0.009|
ENDDATA
