STARTMETADATA
REVISEDDATA=FALSE
OBJECTNUMBER=334150
OBJECTNAME=2001 RA129
MPCDESIG=2001 RA129
SESSIONDATE=2014-02-23
SESSIONTIME=08:04:43
CONTACTNAME=A. Waszczak
CONTACTINFO=awaszczak@gmail.com
OBSERVERS=Waszczak, A. Chang, C.-K., 11 co-authors
OBSLONGITUDE=-116.8639
OBSLATITUDE=33.3558
OBJECTRA=10:34
OBJECTDEC=+09
PHASE=+0.94
PABL=+156.3
PABB=+0.4
FILTER=R
MAGBAND=R
CICORRECTION=FALSE
CIBAND=NONE
CITARGET=0.000
DIFFERMAGS=FALSE
MAGADJUST=0.0
STANDARD=INTERNAL
LTCAPP=NONE
LTCDAYS=0.0
LTCTYPE=NONE
REDUCEDMAGS=NONE
UCORMAG=0.0
PUBLICATION=(2016) Astron. J. 150, A75
BIBCODE=2016AJ....150...75W
COMMENT=Earth/Sun distances (AU): 1.5333/2.5222
DELIMITER=PIPE
ENDMETADATA
DATA=2456711.67135|19.732|0.082|
DATA=2456711.68823|20.141|0.098|
DATA=2456711.70531|19.996|0.083|
DATA=2456711.73742|19.806|0.079|
DATA=2456711.75341|19.286|0.063|
DATA=2456711.76885|19.738|0.061|
DATA=2456711.78448|19.799|0.067|
DATA=2456711.79937|19.849|0.065|
DATA=2456711.83029|19.886|0.071|
DATA=2456711.92214|20.123|0.092|
DATA=2456711.95470|19.790|0.096|
DATA=2456711.96724|19.674|0.076|
DATA=2456711.97864|19.690|0.076|
DATA=2456711.98928|19.538|0.097|
DATA=2456711.99856|19.829|0.092|
ENDDATA
STARTMETADATA
REVISEDDATA=FALSE
OBJECTNUMBER=334150
OBJECTNAME=2001 RA129
MPCDESIG=2001 RA129
SESSIONDATE=2014-02-22
SESSIONTIME=07:32:51
CONTACTNAME=A. Waszczak
CONTACTINFO=awaszczak@gmail.com
OBSERVERS=Waszczak, A. Chang, C.-K., 11 co-authors
OBSLONGITUDE=-116.8639
OBSLATITUDE=33.3558
OBJECTRA=10:35
OBJECTDEC=+09
PHASE=+1.44
PABL=+156.3
PABB=+0.4
FILTER=R
MAGBAND=R
CICORRECTION=FALSE
CIBAND=NONE
CITARGET=0.000
DIFFERMAGS=FALSE
MAGADJUST=0.0
STANDARD=INTERNAL
LTCAPP=NONE
LTCDAYS=0.0
LTCTYPE=NONE
REDUCEDMAGS=NONE
UCORMAG=0.0
PUBLICATION=(2016) Astron. J. 150, A75
BIBCODE=2016AJ....150...75W
COMMENT=Earth/Sun distances (AU): 1.5332/2.5211
DELIMITER=PIPE
ENDMETADATA
DATA=2456710.67515|19.758|0.087|
DATA=2456710.69082|19.850|0.091|
DATA=2456710.70655|20.031|0.088|
DATA=2456710.72223|20.003|0.089|
DATA=2456710.73799|19.929|0.079|
DATA=2456710.75312|19.624|0.066|
DATA=2456710.77121|19.646|0.059|
DATA=2456710.78688|19.621|0.074|
DATA=2456710.80209|19.994|0.078|
DATA=2456710.81745|20.115|0.079|
DATA=2456710.83291|19.952|0.095|
DATA=2456710.84879|19.823|0.069|
DATA=2456710.86436|19.662|0.075|
DATA=2456710.88004|19.800|0.083|
DATA=2456710.89456|19.858|0.080|
DATA=2456710.92622|20.109|0.098|
DATA=2456710.94127|20.090|0.099|
DATA=2456711.00892|19.578|0.091|
ENDDATA
