STARTMETADATA
REVISEDDATA=FALSE
OBJECTNUMBER=42917
OBJECTNAME=1999 SU1
MPCDESIG=1999 SU1
SESSIONDATE=2013-12-29
SESSIONTIME=08:34:02
CONTACTNAME=A. Waszczak
CONTACTINFO=awaszczak@gmail.com
OBSERVERS=Waszczak, A. Chang, C.-K., 11 co-authors
OBSLONGITUDE=-116.8639
OBSLATITUDE=33.3558
OBJECTRA=07:18
OBJECTDEC=+41
PHASE=+7.53
PABL=+103.9
PABB=+15.3
FILTER=SG
MAGBAND=SG
CICORRECTION=FALSE
CIBAND=NONE
CITARGET=0.000
DIFFERMAGS=FALSE
MAGADJUST=0.0
STANDARD=INTERNAL
LTCAPP=NONE
LTCDAYS=0.0
LTCTYPE=NONE
REDUCEDMAGS=NONE
UCORMAG=0.0
PUBLICATION=(2016) Astron. J. 150, A75
BIBCODE=2016AJ....150...75W
COMMENT=Earth/Sun distances (AU): 1.6575/2.6023
DELIMITER=PIPE
ENDMETADATA
DATA=2456655.65050|18.105|0.027|
DATA=2456655.65165|18.087|0.028|
DATA=2456655.65278|18.077|0.026|
DATA=2456655.65506|18.052|0.026|
DATA=2456655.66735|18.010|0.022|
DATA=2456655.67534|17.909|0.021|
DATA=2456655.68333|17.932|0.022|
DATA=2456655.69019|17.835|0.021|
DATA=2456655.70826|17.788|0.016|
DATA=2456655.71627|17.747|0.015|
DATA=2456655.72626|17.718|0.014|
DATA=2456655.74539|17.681|0.014|
DATA=2456655.75542|17.622|0.014|
DATA=2456655.76465|17.628|0.014|
DATA=2456655.77425|17.669|0.014|
DATA=2456655.78436|17.661|0.014|
DATA=2456655.79340|17.682|0.016|
DATA=2456655.80268|17.666|0.014|
DATA=2456655.81274|17.708|0.014|
DATA=2456655.82243|17.741|0.014|
DATA=2456655.83050|17.800|0.015|
DATA=2456655.83994|17.808|0.015|
DATA=2456655.84936|17.873|0.016|
DATA=2456655.85873|17.952|0.017|
DATA=2456655.86802|17.931|0.018|
DATA=2456655.87649|18.030|0.018|
DATA=2456655.89174|18.020|0.021|
DATA=2456655.89881|18.172|0.020|
DATA=2456655.90842|18.245|0.022|
DATA=2456655.91799|18.231|0.022|
DATA=2456655.92608|18.278|0.022|
DATA=2456655.93188|18.240|0.021|
DATA=2456655.94000|18.168|0.021|
DATA=2456655.95758|18.024|0.021|
DATA=2456655.96655|17.951|0.018|
DATA=2456655.97680|17.885|0.019|
DATA=2456655.98591|17.875|0.019|
DATA=2456655.99519|17.753|0.018|
DATA=2456656.00320|17.790|0.020|
DATA=2456656.01155|17.754|0.019|
DATA=2456656.01979|17.702|0.020|
DATA=2456656.02905|17.749|0.020|
DATA=2456656.03475|17.707|0.021|
DATA=2456656.04312|17.715|0.020|
DATA=2456656.05023|17.607|0.019|
DATA=2456656.05739|17.587|0.024|
DATA=2456656.07607|17.360|0.060|
ENDDATA
STARTMETADATA
REVISEDDATA=FALSE
OBJECTNUMBER=42917
OBJECTNAME=1999 SU1
MPCDESIG=1999 SU1
SESSIONDATE=2013-12-30
SESSIONTIME=04:57:10
CONTACTNAME=A. Waszczak
CONTACTINFO=awaszczak@gmail.com
OBSERVERS=Waszczak, A. Chang, C.-K., 11 co-authors
OBSLONGITUDE=-116.8639
OBSLATITUDE=33.3558
OBJECTRA=07:17
OBJECTDEC=+41
PHASE=+7.38
PABL=+103.9
PABB=+15.3
FILTER=SG
MAGBAND=SG
CICORRECTION=FALSE
CIBAND=NONE
CITARGET=0.000
DIFFERMAGS=FALSE
MAGADJUST=0.0
STANDARD=INTERNAL
LTCAPP=NONE
LTCDAYS=0.0
LTCTYPE=NONE
REDUCEDMAGS=NONE
UCORMAG=0.0
PUBLICATION=(2016) Astron. J. 150, A75
BIBCODE=2016AJ....150...75W
COMMENT=Earth/Sun distances (AU): 1.6572/2.6035
DELIMITER=PIPE
ENDMETADATA
DATA=2456656.64766|17.625|0.019|
DATA=2456656.64881|17.565|0.020|
DATA=2456656.64997|17.666|0.020|
DATA=2456656.65231|17.602|0.019|
DATA=2456656.65582|17.665|0.021|
DATA=2456656.65814|17.642|0.020|
DATA=2456656.66513|17.636|0.019|
DATA=2456656.67215|17.682|0.019|
DATA=2456656.68033|17.647|0.020|
DATA=2456656.69030|17.687|0.017|
DATA=2456656.69872|17.693|0.015|
DATA=2456656.70763|17.743|0.017|
DATA=2456656.71761|17.804|0.017|
DATA=2456656.72688|17.836|0.016|
DATA=2456656.73709|17.922|0.016|
DATA=2456656.74731|17.980|0.017|
DATA=2456656.75586|18.043|0.018|
DATA=2456656.76644|18.129|0.019|
DATA=2456656.77612|18.180|0.019|
DATA=2456656.78473|18.228|0.021|
DATA=2456656.79472|18.204|0.020|
ENDDATA
