STARTMETADATA
REVISEDDATA=FALSE
OBJECTNUMBER=85745
OBJECTNAME=1998 SH127
MPCDESIG=1998 SH127
SESSIONDATE=2011-10-18
SESSIONTIME=09:06:07
CONTACTNAME=A. Waszczak
CONTACTINFO=awaszczak@gmail.com
OBSERVERS=Waszczak, A. Chang, C.-K., 11 co-authors
OBSLONGITUDE=-116.8639
OBSLATITUDE=33.3558
OBJECTRA=03:35
OBJECTDEC=+22
PHASE=+14.50
PABL=+49.8
PABB=+2.4
FILTER=R
MAGBAND=R
CICORRECTION=FALSE
CIBAND=NONE
CITARGET=0.000
DIFFERMAGS=FALSE
MAGADJUST=0.0
STANDARD=INTERNAL
LTCAPP=NONE
LTCDAYS=0.0
LTCTYPE=NONE
REDUCEDMAGS=NONE
UCORMAG=0.0
PUBLICATION=(2016) Astron. J. 150, A75
BIBCODE=2016AJ....150...75W
COMMENT=Earth/Sun distances (AU): 1.2409/2.1481
DELIMITER=PIPE
ENDMETADATA
DATA=2455852.73491|18.260|0.034|
DATA=2455852.75401|18.448|0.038|
DATA=2455852.81814|18.332|0.039|
DATA=2455852.83392|18.601|0.042|
DATA=2455852.84719|18.699|0.046|
DATA=2455852.86586|18.516|0.038|
DATA=2455852.88172|18.301|0.031|
DATA=2455852.89511|18.391|0.032|
DATA=2455852.90938|18.589|0.041|
DATA=2455852.92956|18.691|0.046|
DATA=2455852.94237|18.573|0.043|
DATA=2455852.98512|18.618|0.044|
DATA=2455853.03298|18.380|0.040|
ENDDATA
STARTMETADATA
REVISEDDATA=FALSE
OBJECTNUMBER=85745
OBJECTNAME=1998 SH127
MPCDESIG=1998 SH127
SESSIONDATE=2011-10-19
SESSIONTIME=09:14:58
CONTACTNAME=A. Waszczak
CONTACTINFO=awaszczak@gmail.com
OBSERVERS=Waszczak, A. Chang, C.-K., 11 co-authors
OBSLONGITUDE=-116.8639
OBSLATITUDE=33.3558
OBJECTRA=03:35
OBJECTDEC=+22
PHASE=+14.05
PABL=+49.9
PABB=+2.5
FILTER=R
MAGBAND=R
CICORRECTION=FALSE
CIBAND=NONE
CITARGET=0.000
DIFFERMAGS=FALSE
MAGADJUST=0.0
STANDARD=INTERNAL
LTCAPP=NONE
LTCDAYS=0.0
LTCTYPE=NONE
REDUCEDMAGS=NONE
UCORMAG=0.0
PUBLICATION=(2016) Astron. J. 150, A75
BIBCODE=2016AJ....150...75W
COMMENT=Earth/Sun distances (AU): 1.2354/2.1484
DELIMITER=PIPE
ENDMETADATA
DATA=2455853.71574|18.471|0.032|
DATA=2455853.73055|18.554|0.032|
DATA=2455853.74584|18.510|0.029|
DATA=2455853.76160|18.335|0.029|
DATA=2455853.77742|18.402|0.031|
DATA=2455853.87729|18.581|0.035|
DATA=2455853.90122|18.408|0.030|
DATA=2455853.91913|18.296|0.027|
DATA=2455853.93835|18.403|0.031|
DATA=2455853.96136|18.538|0.037|
DATA=2455853.99150|18.453|0.032|
DATA=2455854.01272|18.450|0.036|
DATA=2455854.02790|18.552|0.040|
DATA=2455854.03502|18.579|0.044|
ENDDATA
STARTMETADATA
REVISEDDATA=FALSE
OBJECTNUMBER=85745
OBJECTNAME=1998 SH127
MPCDESIG=1998 SH127
SESSIONDATE=2011-10-20
SESSIONTIME=10:18:15
CONTACTNAME=A. Waszczak
CONTACTINFO=awaszczak@gmail.com
OBSERVERS=Waszczak, A. Chang, C.-K., 11 co-authors
OBSLONGITUDE=-116.8639
OBSLATITUDE=33.3558
OBJECTRA=03:34
OBJECTDEC=+22
PHASE=+13.57
PABL=+50.0
PABB=+2.7
FILTER=R
MAGBAND=R
CICORRECTION=FALSE
CIBAND=NONE
CITARGET=0.000
DIFFERMAGS=FALSE
MAGADJUST=0.0
STANDARD=INTERNAL
LTCAPP=NONE
LTCDAYS=0.0
LTCTYPE=NONE
REDUCEDMAGS=NONE
UCORMAG=0.0
PUBLICATION=(2016) Astron. J. 150, A75
BIBCODE=2016AJ....150...75W
COMMENT=Earth/Sun distances (AU): 1.2299/2.1487
DELIMITER=PIPE
ENDMETADATA
DATA=2455854.74246|18.403|0.028|
DATA=2455854.76414|18.577|0.030|
DATA=2455854.85027|18.546|0.030|
DATA=2455854.90884|18.516|0.029|
DATA=2455854.91731|18.601|0.031|
DATA=2455854.93306|18.349|0.027|
DATA=2455854.96878|18.361|0.028|
DATA=2455854.98494|18.535|0.031|
DATA=2455854.99934|18.600|0.034|
DATA=2455855.01283|18.460|0.030|
DATA=2455855.02722|18.372|0.035|
DATA=2455855.04291|18.408|0.058|
ENDDATA
