STARTMETADATA
REVISEDDATA=FALSE
OBJECTNUMBER=1942
OBJECTNAME=Jablunka
MPCDESIG=1972 SA
SESSIONDATE=2014-08-02
SESSIONTIME=12:55:00
CONTACTNAME=J. Oey
CONTACTINFO=julianoey1@optusnet.com.au
OBSERVERS=julianoey1@optusnet.com.au
OBSLONGITUDE=+150.341667
OBSLATITUDE=-33.706667
OBJECTRA=19:01
OBJECTDEC=-57
PHASE=+19.91
PABL=+288.1
PABB=-27.1
FILTER=C
MAGBAND=R
CICORRECTION=FALSE
CIBAND=NONE
CITARGET=+0.000
DIFFERMAGS=FALSE
MAGADJUST=0.0
STANDARD=INTERNAL
LTCAPP=NONE
LTCDAYS=-0.007096
LTCTYPE=NONE
REDUCEDMAGS=NONE
UCORMAG=-2.0390
PUBLICATION=
BIBCODE=
COMMENT=Heliocentric ecliptic longitude/latitude: +280.08/-34.35
COMMENT=Earth/Sun distances (AU): +2.0803/+1.2294
COMMENT=PSABA
COMMENT=Observer Instrumentation: 0.12m APO refractor/SBIG ST 8300
DELIMITER=PIPE
COMPNAME1=160049.31 -023046.6
COMPRA1=16:00:49.30
COMPDEC1=-02:30:46.4
COMPMAG1=+13.342
COMPCI1=+0.422
COMPNAME2=160019.34 -022913.0
COMPRA2=16:00:19.33
COMPDEC2=-02:29:12.7
COMPMAG2=+13.412
COMPCI2=+0.481
COMPNAME3=160025.97 -023124.0
COMPRA3=16:00:25.97
COMPDEC3=-02:31:23.8
COMPMAG3=+13.974
COMPCI3=+0.431
COMPNAME4=160031.86 -022759.5
COMPRA4=16:00:31.85
COMPDEC4=-02:27:59.6
COMPMAG4=+13.552
COMPCI4=+0.449
COMPNAME5=160123.18 -023404.4
COMPRA5=16:01:23.20
COMPDEC5=-02:34:03.9
COMPMAG5=+14.091
COMPCI5=+0.437
ENDMETADATA
DATA=2456871.991616|+15.591|+0.019|
DATA=2456871.995275|+15.638|+0.020|
DATA=2456872.002537|+15.576|+0.020|
DATA=2456872.006162|+15.530|+0.019|
DATA=2456872.009789|+15.562|+0.020|
DATA=2456872.013415|+15.582|+0.020|
DATA=2456872.031566|+15.642|+0.025|
DATA=2456872.053371|+15.607|+0.025|
DATA=2456872.064275|+15.589|+0.023|
DATA=2456872.067902|+15.538|+0.022|
DATA=2456872.086065|+15.658|+0.030|
ENDDATA
