STARTMETADATA
REVISEDDATA=FALSE
OBJECTNUMBER=209929
OBJECTNAME=2005 YD288
MPCDESIG=2005 YD288
SESSIONDATE=2014-01-03
SESSIONTIME=09:03:51
CONTACTNAME=A. Waszczak
CONTACTINFO=awaszczak@gmail.com
OBSERVERS=Waszczak, A. Chang, C.-K., 11 co-authors
OBSLONGITUDE=-116.8639
OBSLATITUDE=33.3558
OBJECTRA=07:34
OBJECTDEC=+47
PHASE=+13.05
PABL=+106.2
PABB=+18.6
FILTER=SG
MAGBAND=SG
CICORRECTION=FALSE
CIBAND=NONE
CITARGET=0.000
DIFFERMAGS=FALSE
MAGADJUST=0.0
STANDARD=INTERNAL
LTCAPP=NONE
LTCDAYS=0.0
LTCTYPE=NONE
REDUCEDMAGS=NONE
UCORMAG=0.0
PUBLICATION=(2016) Astron. J. 150, A75
BIBCODE=2016AJ....150...75W
COMMENT=Earth/Sun distances (AU): 0.9376/1.8737
DELIMITER=PIPE
ENDMETADATA
DATA=2456660.67251|19.453|0.079|
DATA=2456660.68321|19.534|0.057|
DATA=2456660.69384|19.560|0.056|
DATA=2456660.70379|19.694|0.063|
DATA=2456660.76540|19.569|0.064|
DATA=2456660.77652|19.686|0.056|
DATA=2456660.78648|19.687|0.054|
DATA=2456660.79575|19.692|0.051|
DATA=2456660.80502|19.615|0.052|
DATA=2456660.81435|19.647|0.049|
DATA=2456660.82437|19.603|0.050|
DATA=2456660.83459|19.613|0.051|
DATA=2456660.84505|19.558|0.052|
DATA=2456660.85541|19.737|0.056|
DATA=2456660.86517|19.640|0.056|
DATA=2456660.87451|19.834|0.060|
DATA=2456660.88432|19.932|0.061|
DATA=2456660.90429|19.540|0.053|
DATA=2456660.91394|19.692|0.060|
DATA=2456660.92373|19.707|0.056|
DATA=2456660.93395|19.731|0.057|
DATA=2456660.94340|19.597|0.059|
DATA=2456660.95153|19.560|0.051|
DATA=2456660.96057|19.615|0.055|
DATA=2456660.97002|19.488|0.050|
DATA=2456660.97819|19.502|0.054|
DATA=2456660.98634|19.528|0.054|
DATA=2456660.99450|19.497|0.055|
DATA=2456661.00270|19.793|0.067|
DATA=2456661.02737|19.865|0.079|
DATA=2456661.05332|19.815|0.084|
DATA=2456661.06158|19.665|0.091|
ENDDATA
STARTMETADATA
REVISEDDATA=FALSE
OBJECTNUMBER=209929
OBJECTNAME=2005 YD288
MPCDESIG=2005 YD288
SESSIONDATE=2014-01-02
SESSIONTIME=09:11:58
CONTACTNAME=A. Waszczak
CONTACTINFO=awaszczak@gmail.com
OBSERVERS=Waszczak, A. Chang, C.-K., 11 co-authors
OBSLONGITUDE=-116.8639
OBSLATITUDE=33.3558
OBJECTRA=07:36
OBJECTDEC=+47
PHASE=+13.24
PABL=+106.1
PABB=+18.8
FILTER=SG
MAGBAND=SG
CICORRECTION=FALSE
CIBAND=NONE
CITARGET=0.000
DIFFERMAGS=FALSE
MAGADJUST=0.0
STANDARD=INTERNAL
LTCAPP=NONE
LTCDAYS=0.0
LTCTYPE=NONE
REDUCEDMAGS=NONE
UCORMAG=0.0
PUBLICATION=(2016) Astron. J. 150, A75
BIBCODE=2016AJ....150...75W
COMMENT=Earth/Sun distances (AU): 0.9397/1.8742
DELIMITER=PIPE
ENDMETADATA
DATA=2456659.67732|19.531|0.072|
DATA=2456659.68797|19.648|0.065|
DATA=2456659.69851|19.747|0.090|
DATA=2456659.70943|19.776|0.073|
DATA=2456659.72021|19.815|0.071|
DATA=2456659.73086|19.643|0.073|
DATA=2456659.74171|19.540|0.056|
DATA=2456659.75262|19.761|0.059|
DATA=2456659.76352|19.727|0.054|
DATA=2456659.77438|19.612|0.050|
DATA=2456659.78532|19.575|0.049|
DATA=2456659.79586|19.500|0.047|
DATA=2456659.80539|19.587|0.055|
DATA=2456659.81505|19.578|0.051|
DATA=2456659.82446|19.808|0.055|
DATA=2456659.83400|19.802|0.064|
DATA=2456659.84365|19.933|0.069|
DATA=2456659.85332|19.803|0.081|
DATA=2456659.86263|19.910|0.074|
DATA=2456659.87227|19.735|0.064|
DATA=2456659.88204|19.746|0.067|
DATA=2456659.89134|19.771|0.067|
DATA=2456659.90146|19.733|0.061|
DATA=2456659.90957|19.716|0.085|
DATA=2456659.92579|19.549|0.059|
DATA=2456659.93479|19.692|0.061|
DATA=2456659.94293|19.615|0.057|
DATA=2456659.95108|19.578|0.056|
DATA=2456659.96119|19.659|0.061|
DATA=2456659.96935|19.743|0.059|
DATA=2456659.97751|19.617|0.072|
DATA=2456659.98568|19.727|0.074|
DATA=2456659.99385|20.209|0.085|
DATA=2456660.00319|19.864|0.081|
DATA=2456660.01143|19.563|0.059|
DATA=2456660.01962|19.903|0.078|
DATA=2456660.02785|19.666|0.069|
DATA=2456660.03605|19.962|0.082|
DATA=2456660.04428|19.835|0.080|
DATA=2456660.05245|19.758|0.088|
DATA=2456660.06064|19.761|0.079|
DATA=2456660.06891|19.509|0.094|
ENDDATA
