STARTMETADATA
REVISEDDATA=FALSE
OBJECTNUMBER=4895
OBJECTNAME=Embla
MPCDESIG=1986 TK4
SESSIONDATE=2015-11-01
SESSIONTIME=02:03:00
CONTACTNAME=V. Benishek
CONTACTINFO=vlaben@yahoo.com
OBSERVERS=V. Benishek
OBSLONGITUDE=+20.545750
OBSLATITUDE=+44.530250
OBJECTRA=03:51
OBJECTDEC=+22
PHASE=+11.96
PABL=+54.6
PABB=+2.0
FILTER=C
MAGBAND=V
CICORRECTION=FALSE
CIBAND=NONE
CITARGET=+0.000
DIFFERMAGS=FALSE
MAGADJUST=0.0
STANDARD=INTERNAL
LTCAPP=NONE
LTCDAYS=-0.005103
LTCTYPE=NONE
REDUCEDMAGS=NONE
UCORMAG=-1.0569
PUBLICATION=
BIBCODE=
COMMENT=Heliocentric ecliptic longitude/latitude: +60.56/+2.63
COMMENT=Earth/Sun distances (AU): +1.8404/+0.8840
COMMENT=Observer Instrumentation: Meade 14" LX200GPS/SBIG ST-8XME
DELIMITER=PIPE
COMPNAME1=035143.18 +224741.1
COMPRA1=03:51:43.22
COMPDEC1=+22:47:40.7
COMPMAG1=+14.910
COMPCI1=+0.552
COMPNAME3=035130.40 +224739.4
COMPRA3=03:51:30.42
COMPDEC3=+22:47:39.1
COMPMAG3=+14.685
COMPCI3=+0.863
COMPNAME4=035102.74 +224931.4
COMPRA4=03:51:02.77
COMPDEC4=+22:49:31.0
COMPMAG4=+13.997
COMPCI4=+0.540
ENDMETADATA
DATA=2457327.537928|+15.695|+0.011|
DATA=2457327.540764|+15.685|+0.011|
DATA=2457327.543588|+15.681|+0.011|
DATA=2457327.546424|+15.641|+0.010|
DATA=2457327.549248|+15.662|+0.011|
DATA=2457327.552083|+15.654|+0.011|
DATA=2457327.554907|+15.667|+0.011|
DATA=2457327.557743|+15.663|+0.011|
DATA=2457327.560567|+15.627|+0.011|
DATA=2457327.566238|+15.646|+0.011|
DATA=2457327.569062|+15.646|+0.011|
DATA=2457327.571898|+15.663|+0.011|
DATA=2457327.575556|+15.622|+0.011|
DATA=2457327.578380|+15.641|+0.011|
DATA=2457327.584039|+15.638|+0.011|
DATA=2457327.586863|+15.648|+0.011|
DATA=2457327.589699|+15.623|+0.011|
DATA=2457327.592523|+15.610|+0.011|
DATA=2457327.595359|+15.618|+0.011|
DATA=2457327.598183|+15.626|+0.011|
DATA=2457327.603843|+15.643|+0.011|
DATA=2457327.606667|+15.654|+0.011|
DATA=2457327.609491|+15.619|+0.011|
DATA=2457327.612326|+15.646|+0.011|
DATA=2457327.627326|+15.625|+0.012|
DATA=2457327.632986|+15.628|+0.013|
DATA=2457327.638646|+15.641|+0.013|
ENDDATA
STARTMETADATA
REVISEDDATA=FALSE
OBJECTNUMBER=4895
OBJECTNAME=Embla
MPCDESIG=1986 TK4
SESSIONDATE=2015-10-25
SESSIONTIME=03:23:00
CONTACTNAME=V. Benishek
CONTACTINFO=vlaben@yahoo.com
OBSERVERS=V. Benishek
OBSLONGITUDE=+20.545750
OBSLATITUDE=+44.530250
OBJECTRA=03:56
OBJECTDEC=+22
PHASE=+16.00
PABL=+53.7
PABB=+1.4
FILTER=C
MAGBAND=V
CICORRECTION=FALSE
CIBAND=NONE
CITARGET=+0.000
DIFFERMAGS=FALSE
MAGADJUST=0.0
STANDARD=INTERNAL
LTCAPP=NONE
LTCDAYS=-0.005218
LTCTYPE=NONE
REDUCEDMAGS=NONE
UCORMAG=-1.0954
PUBLICATION=
BIBCODE=
COMMENT=Heliocentric ecliptic longitude/latitude: +61.64/+1.81
COMMENT=Earth/Sun distances (AU): +1.8318/+0.9041
COMMENT=Observer Instrumentation: Meade 14" LX200GPS/SBIG ST-8XME
DELIMITER=PIPE
COMPNAME1=035636.88 +221108.7
COMPRA1=03:56:36.89
COMPDEC1=+22:11:08.9
COMPMAG1=+14.964
COMPCI1=-0.083
COMPNAME2=035637.87 +220904.7
COMPRA2=03:56:37.88
COMPDEC2=+22:09:04.8
COMPMAG2=+14.856
COMPCI2=-0.243
COMPNAME3=035621.17 +220837.3
COMPRA3=03:56:21.18
COMPDEC3=+22:08:37.5
COMPMAG3=+14.415
COMPCI3=-0.031
ENDMETADATA
DATA=2457320.618958|+15.656|+0.004|
DATA=2457320.621782|+15.671|+0.005|
DATA=2457320.624607|+15.650|+0.005|
DATA=2457320.627442|+15.679|+0.005|
DATA=2457320.630278|+15.661|+0.005|
DATA=2457320.633102|+15.668|+0.005|
DATA=2457320.635937|+15.667|+0.005|
DATA=2457320.638762|+15.677|+0.005|
DATA=2457320.641586|+15.666|+0.005|
DATA=2457320.644421|+15.694|+0.005|
DATA=2457320.647257|+15.688|+0.005|
DATA=2457320.650081|+15.700|+0.005|
DATA=2457320.652917|+15.690|+0.005|
DATA=2457320.655741|+15.703|+0.005|
DATA=2457320.658565|+15.698|+0.006|
DATA=2457320.663380|+15.703|+0.006|
ENDDATA
