STARTMETADATA
REVISEDDATA=FALSE
OBJECTNUMBER=42511
OBJECTNAME=1993 FD77
MPCDESIG=1993 FD77
SESSIONDATE=2010-02-14
SESSIONTIME=09:20:58
CONTACTNAME=A. Waszczak
CONTACTINFO=awaszczak@gmail.com
OBSERVERS=Waszczak, A. Chang, C.-K., 11 co-authors
OBSLONGITUDE=-116.8639
OBSLATITUDE=33.3558
OBJECTRA=10:50
OBJECTDEC=+06
PHASE=+5.71
PABL=+158.9
PABB=-0.9
FILTER=R
MAGBAND=R
CICORRECTION=FALSE
CIBAND=NONE
CITARGET=0.000
DIFFERMAGS=FALSE
MAGADJUST=0.0
STANDARD=INTERNAL
LTCAPP=NONE
LTCDAYS=0.0
LTCTYPE=NONE
REDUCEDMAGS=NONE
UCORMAG=0.0
PUBLICATION=(2016) Astron. J. 150, A75
BIBCODE=2016AJ....150...75W
COMMENT=Earth/Sun distances (AU): 1.8274/2.7890
DELIMITER=PIPE
ENDMETADATA
DATA=2455241.69215|19.406|0.072|
DATA=2455241.70440|19.451|0.072|
DATA=2455241.71663|19.638|0.069|
DATA=2455241.72892|19.733|0.100|
DATA=2455241.74121|19.675|0.067|
DATA=2455241.75354|19.357|0.053|
DATA=2455241.76592|19.411|0.050|
DATA=2455241.77836|19.284|0.048|
DATA=2455241.79085|19.499|0.053|
DATA=2455241.80334|19.584|0.056|
DATA=2455241.81589|19.626|0.058|
DATA=2455241.82849|19.557|0.053|
DATA=2455241.84112|19.545|0.054|
DATA=2455241.85373|19.394|0.053|
DATA=2455241.86638|19.441|0.049|
DATA=2455241.87908|19.423|0.046|
DATA=2455241.91169|19.803|0.072|
DATA=2455241.92329|19.607|0.071|
DATA=2455241.93486|19.557|0.063|
DATA=2455241.94657|19.538|0.057|
DATA=2455241.95819|19.358|0.060|
DATA=2455241.96994|19.374|0.058|
DATA=2455241.98167|19.508|0.063|
DATA=2455242.01235|19.825|0.095|
DATA=2455242.02254|19.606|0.090|
DATA=2455242.02596|19.754|0.097|
DATA=2455242.02766|19.563|0.093|
DATA=2455242.03107|19.445|0.098|
DATA=2455242.03620|19.518|0.100|
DATA=2455242.03791|19.337|0.093|
DATA=2455242.03963|19.384|0.089|
DATA=2455242.04651|19.134|0.086|
ENDDATA
STARTMETADATA
REVISEDDATA=FALSE
OBJECTNUMBER=42511
OBJECTNAME=1993 FD77
MPCDESIG=1993 FD77
SESSIONDATE=2010-02-15
SESSIONTIME=10:26:30
CONTACTNAME=A. Waszczak
CONTACTINFO=awaszczak@gmail.com
OBSERVERS=Waszczak, A. Chang, C.-K., 11 co-authors
OBSLONGITUDE=-116.8639
OBSLATITUDE=33.3558
OBJECTRA=10:50
OBJECTDEC=+06
PHASE=+5.28
PABL=+158.9
PABB=-0.9
FILTER=R
MAGBAND=R
CICORRECTION=FALSE
CIBAND=NONE
CITARGET=0.000
DIFFERMAGS=FALSE
MAGADJUST=0.0
STANDARD=INTERNAL
LTCAPP=NONE
LTCDAYS=0.0
LTCTYPE=NONE
REDUCEDMAGS=NONE
UCORMAG=0.0
PUBLICATION=(2016) Astron. J. 150, A75
BIBCODE=2016AJ....150...75W
COMMENT=Earth/Sun distances (AU): 1.8224/2.7881
DELIMITER=PIPE
ENDMETADATA
DATA=2455242.68965|19.317|0.059|
DATA=2455242.70164|19.417|0.060|
DATA=2455242.71362|19.518|0.058|
DATA=2455242.72566|19.777|0.065|
DATA=2455242.73773|19.627|0.056|
DATA=2455242.74988|19.543|0.049|
DATA=2455242.78652|19.257|0.039|
DATA=2455242.79880|19.429|0.042|
DATA=2455242.81113|19.588|0.049|
DATA=2455242.82349|19.664|0.048|
DATA=2455242.84832|19.456|0.043|
DATA=2455242.88592|19.297|0.042|
DATA=2455242.91114|19.630|0.066|
DATA=2455242.92380|19.748|0.057|
DATA=2455242.95883|19.340|0.044|
DATA=2455242.97050|19.244|0.042|
DATA=2455242.98217|19.474|0.051|
DATA=2455243.00427|19.531|0.063|
DATA=2455243.00927|19.654|0.080|
DATA=2455243.01260|19.643|0.091|
DATA=2455243.02598|19.649|0.073|
DATA=2455243.02766|19.412|0.092|
DATA=2455243.02934|19.704|0.081|
DATA=2455243.03101|19.693|0.096|
DATA=2455243.03270|19.617|0.078|
DATA=2455243.03438|19.660|0.074|
DATA=2455243.03606|19.522|0.071|
DATA=2455243.03775|19.457|0.069|
DATA=2455243.03944|19.548|0.068|
DATA=2455243.04113|19.489|0.071|
DATA=2455243.04281|19.381|0.075|
DATA=2455243.04450|19.392|0.066|
DATA=2455243.04622|19.419|0.069|
DATA=2455243.04791|19.412|0.067|
DATA=2455243.04960|19.299|0.064|
DATA=2455243.05129|19.080|0.067|
ENDDATA
