STARTMETADATA
REVISEDDATA=FALSE
OBJECTNUMBER=174542
OBJECTNAME=2003 FE
MPCDESIG=2003 FE
SESSIONDATE=2009-05-01
SESSIONTIME=08:10:09
CONTACTNAME=A. Waszczak
CONTACTINFO=awaszczak@gmail.com
OBSERVERS=Waszczak, A. Chang, C.-K., 11 co-authors
OBSLONGITUDE=-116.8639
OBSLATITUDE=33.3558
OBJECTRA=15:06
OBJECTDEC=+24
PHASE=+13.94
PABL=+216.4
PABB=+33.4
FILTER=SG
MAGBAND=SG
CICORRECTION=FALSE
CIBAND=NONE
CITARGET=0.000
DIFFERMAGS=FALSE
MAGADJUST=0.0
STANDARD=INTERNAL
LTCAPP=NONE
LTCDAYS=0.0
LTCTYPE=NONE
REDUCEDMAGS=NONE
UCORMAG=0.0
PUBLICATION=(2016) Astron. J. 150, A75
BIBCODE=2016AJ....150...75W
COMMENT=Earth/Sun distances (AU): 1.8798/2.7247
DELIMITER=PIPE
ENDMETADATA
DATA=2454952.71969|18.997|0.097|
DATA=2454952.72697|19.030|0.058|
DATA=2454952.73430|19.151|0.070|
DATA=2454952.78602|18.833|0.065|
DATA=2454952.79348|18.843|0.057|
DATA=2454952.81204|18.796|0.038|
DATA=2454952.81955|18.821|0.046|
DATA=2454952.82708|19.042|0.075|
DATA=2454952.83462|19.107|0.059|
DATA=2454952.84216|19.000|0.041|
DATA=2454952.84973|19.112|0.042|
DATA=2454952.87930|18.936|0.051|
DATA=2454952.88635|18.965|0.049|
DATA=2454952.89343|18.744|0.058|
DATA=2454952.93632|18.918|0.093|
DATA=2454952.96543|18.953|0.100|
DATA=2454952.98016|18.984|0.090|
ENDDATA
STARTMETADATA
REVISEDDATA=FALSE
OBJECTNUMBER=174542
OBJECTNAME=2003 FE
MPCDESIG=2003 FE
SESSIONDATE=2009-04-30
SESSIONTIME=09:37:28
CONTACTNAME=A. Waszczak
CONTACTINFO=awaszczak@gmail.com
OBSERVERS=Waszczak, A. Chang, C.-K., 11 co-authors
OBSLONGITUDE=-116.8639
OBSLATITUDE=33.3558
OBJECTRA=15:07
OBJECTDEC=+24
PHASE=+13.90
PABL=+216.4
PABB=+33.4
FILTER=SG
MAGBAND=SG
CICORRECTION=FALSE
CIBAND=NONE
CITARGET=0.000
DIFFERMAGS=FALSE
MAGADJUST=0.0
STANDARD=INTERNAL
LTCAPP=NONE
LTCDAYS=0.0
LTCTYPE=NONE
REDUCEDMAGS=NONE
UCORMAG=0.0
PUBLICATION=(2016) Astron. J. 150, A75
BIBCODE=2016AJ....150...75W
COMMENT=Earth/Sun distances (AU): 1.8793/2.7249
DELIMITER=PIPE
ENDMETADATA
DATA=2454951.80708|19.089|0.032|
DATA=2454951.81416|18.975|0.029|
DATA=2454951.82123|18.932|0.027|
DATA=2454951.82831|18.842|0.025|
DATA=2454951.83545|18.820|0.024|
DATA=2454951.84259|18.763|0.023|
DATA=2454951.84974|18.785|0.024|
DATA=2454951.85693|18.783|0.024|
DATA=2454951.86414|18.867|0.025|
DATA=2454951.87137|18.938|0.027|
DATA=2454951.87901|19.063|0.031|
DATA=2454951.88669|19.231|0.032|
DATA=2454951.89398|19.156|0.034|
DATA=2454951.90130|19.121|0.034|
DATA=2454951.90866|19.071|0.036|
DATA=2454951.91604|19.033|0.031|
DATA=2454951.92343|18.928|0.030|
DATA=2454951.93963|18.864|0.029|
DATA=2454951.94709|18.786|0.028|
DATA=2454951.95454|18.769|0.030|
DATA=2454951.96201|18.887|0.030|
DATA=2454951.96951|18.907|0.032|
DATA=2454951.97702|18.978|0.033|
DATA=2454951.98456|18.980|0.035|
DATA=2454951.99215|18.971|0.052|
DATA=2454951.99982|19.277|0.086|
ENDDATA
