STARTMETADATA
REVISEDDATA=FALSE
OBJECTNUMBER=53115
OBJECTNAME=1999 AM14
MPCDESIG=1999 AM14
SESSIONDATE=2015-12-16
SESSIONTIME=06:52:00
CONTACTNAME=B. D. Warner
CONTACTINFO=B. D. Warner, 446 Sycamore Ave., Eaton, CO, USA [brian@MinorPlanetObserver.com]
OBSERVERS=Warner, B. D.
OBSLONGITUDE=-116.384861
OBSLATITUDE=+34.272500
OBJECTRA=04:48
OBJECTDEC=+24
PHASE=+4.02
PABL=+75.6
PABB=+1.5
FILTER=C
MAGBAND=V
CICORRECTION=FALSE
CIBAND=NONE
CITARGET=+0.000
DIFFERMAGS=FALSE
MAGADJUST=0.0
STANDARD=INTERNAL
LTCAPP=AVERAGE
LTCDAYS=-0.008836
LTCTYPE=LIGHTTIME
REDUCEDMAGS=NONE
UCORMAG=-2.9192
PUBLICATION=
BIBCODE=
COMMENT=Heliocentric ecliptic longitude/latitude: +73.65/+1.91
COMMENT=Sun/Earth distances (AU): +2.5055/+1.5309
COMMENT=Observer Instrumentation: 0.35m f/9.1 SCT/ML-1001E
DELIMITER=PIPE
COMPNAME1=044742.53 +242305.0
COMPRA1=04:47:42.52
COMPDEC1=+24:23:05.2
COMPMAG1=+14.743
COMPCI1=+0.544
COMPNAME2=044737.36 +241744.0
COMPRA2=04:47:37.36
COMPDEC2=+24:17:44.0
COMPMAG2=+15.344
COMPCI2=+0.506
COMPNAME3=044804.05 +241815.7
COMPRA3=04:48:04.07
COMPDEC3=+24:18:15.7
COMPMAG3=+15.760
COMPCI3=+0.559
ENDMETADATA
DATA=2457372.603339|+18.317|+0.068|1.766
DATA=2457372.605554|+18.319|+0.064|1.737
DATA=2457372.607767|+18.310|+0.064|1.709
DATA=2457372.609980|+18.310|+0.064|1.683
DATA=2457372.621055|+18.295|+0.061|1.564
DATA=2457372.669650|+18.426|+0.064|1.233
DATA=2457372.716802|+18.308|+0.052|1.079
DATA=2457372.721235|+18.288|+0.052|1.070
DATA=2457372.725670|+18.283|+0.050|1.062
DATA=2457372.727883|+18.290|+0.050|1.058
DATA=2457372.730096|+18.308|+0.050|1.054
DATA=2457372.732309|+18.360|+0.052|1.051
DATA=2457372.734523|+18.334|+0.050|1.048
DATA=2457372.740331|+18.308|+0.050|1.040
DATA=2457372.744766|+18.272|+0.050|1.035
DATA=2457372.746980|+18.277|+0.047|1.032
DATA=2457372.760273|+18.299|+0.047|1.021
DATA=2457372.762488|+18.313|+0.047|1.020
DATA=2457372.764699|+18.330|+0.050|1.019
DATA=2457372.766910|+18.342|+0.050|1.018
DATA=2457372.769129|+18.334|+0.050|1.017
DATA=2457372.771342|+18.289|+0.047|1.017
DATA=2457372.778341|+18.304|+0.047|1.016
DATA=2457372.780556|+18.304|+0.050|1.016
DATA=2457372.789371|+18.293|+0.047|1.017
DATA=2457372.791583|+18.313|+0.047|1.018
DATA=2457372.793799|+18.279|+0.045|1.019
DATA=2457372.796012|+18.289|+0.047|1.020
DATA=2457372.798224|+18.292|+0.047|1.021
DATA=2457372.800443|+18.312|+0.047|1.023
DATA=2457372.802656|+18.283|+0.047|1.024
DATA=2457372.804874|+18.341|+0.050|1.026
DATA=2457372.809310|+18.314|+0.047|1.030
DATA=2457372.818169|+18.331|+0.050|1.039
DATA=2457372.820381|+18.335|+0.050|1.042
DATA=2457372.826032|+18.349|+0.052|1.050
DATA=2457372.828252|+18.367|+0.052|1.054
DATA=2457372.830463|+18.327|+0.050|1.057
DATA=2457372.832677|+18.392|+0.052|1.061
DATA=2457372.834888|+18.380|+0.052|1.065
DATA=2457372.837098|+18.361|+0.052|1.069
DATA=2457372.839322|+18.376|+0.055|1.074
DATA=2457372.843750|+18.331|+0.052|1.083
DATA=2457372.845963|+18.380|+0.055|1.088
DATA=2457372.848170|+18.349|+0.052|1.093
DATA=2457372.850392|+18.314|+0.052|1.098
DATA=2457372.852603|+18.272|+0.050|1.104
DATA=2457372.854822|+18.260|+0.050|1.110
DATA=2457372.857035|+18.269|+0.050|1.116
DATA=2457372.861812|+18.289|+0.052|1.130
DATA=2457372.864034|+18.221|+0.047|1.137
DATA=2457372.868462|+18.216|+0.047|1.151
DATA=2457372.872883|+18.250|+0.050|1.166
DATA=2457372.877319|+18.240|+0.052|1.183
DATA=2457372.879530|+18.207|+0.047|1.191
DATA=2457372.881742|+18.238|+0.052|1.200
DATA=2457372.883954|+18.254|+0.052|1.209
DATA=2457372.886176|+18.293|+0.055|1.219
DATA=2457372.888388|+18.263|+0.052|1.229
DATA=2457372.892814|+18.262|+0.055|1.250
DATA=2457372.950014|+18.281|+0.064|1.696
DATA=2457372.952232|+18.278|+0.064|1.723
ENDDATA
