STARTMETADATA
REVISEDDATA=FALSE
OBJECTNUMBER=304972
OBJECTNAME=2007 TF153
MPCDESIG=2007 TF153
SESSIONDATE=2011-10-20
SESSIONTIME=08:23:01
CONTACTNAME=A. Waszczak
CONTACTINFO=awaszczak@gmail.com
OBSERVERS=Waszczak, A. Chang, C.-K., 11 co-authors
OBSLONGITUDE=-116.8639
OBSLATITUDE=33.3558
OBJECTRA=03:28
OBJECTDEC=+23
PHASE=+12.95
PABL=+49.3
PABB=+3.8
FILTER=R
MAGBAND=R
CICORRECTION=FALSE
CIBAND=NONE
CITARGET=0.000
DIFFERMAGS=FALSE
MAGADJUST=0.0
STANDARD=INTERNAL
LTCAPP=NONE
LTCDAYS=0.0
LTCTYPE=NONE
REDUCEDMAGS=NONE
UCORMAG=0.0
PUBLICATION=(2016) Astron. J. 150, A75
BIBCODE=2016AJ....150...75W
COMMENT=Earth/Sun distances (AU): 1.2733/2.1950
DELIMITER=PIPE
ENDMETADATA
DATA=2455854.71349|19.954|0.088|
DATA=2455854.72696|19.562|0.057|
DATA=2455854.74246|19.298|0.050|
DATA=2455854.76414|19.267|0.051|
DATA=2455854.85026|19.426|0.052|
DATA=2455854.89187|19.622|0.069|
DATA=2455854.91731|20.055|0.090|
DATA=2455854.93306|19.712|0.091|
DATA=2455854.96879|19.193|0.061|
DATA=2455854.98495|19.412|0.060|
ENDDATA
STARTMETADATA
REVISEDDATA=FALSE
OBJECTNUMBER=304972
OBJECTNAME=2007 TF153
MPCDESIG=2007 TF153
SESSIONDATE=2011-10-19
SESSIONTIME=08:53:19
CONTACTNAME=A. Waszczak
CONTACTINFO=awaszczak@gmail.com
OBSERVERS=Waszczak, A. Chang, C.-K., 11 co-authors
OBSLONGITUDE=-116.8639
OBSLATITUDE=33.3558
OBJECTRA=03:29
OBJECTDEC=+23
PHASE=+13.39
PABL=+49.2
PABB=+3.8
FILTER=R
MAGBAND=R
CICORRECTION=FALSE
CIBAND=NONE
CITARGET=0.000
DIFFERMAGS=FALSE
MAGADJUST=0.0
STANDARD=INTERNAL
LTCAPP=NONE
LTCDAYS=0.0
LTCTYPE=NONE
REDUCEDMAGS=NONE
UCORMAG=0.0
PUBLICATION=(2016) Astron. J. 150, A75
BIBCODE=2016AJ....150...75W
COMMENT=Earth/Sun distances (AU): 1.2797/2.1960
DELIMITER=PIPE
ENDMETADATA
DATA=2455853.71575|19.337|0.067|
DATA=2455853.73056|19.907|0.088|
DATA=2455853.74584|20.123|0.093|
DATA=2455853.76159|19.748|0.092|
DATA=2455853.77741|19.477|0.072|
DATA=2455853.79864|19.089|0.064|
DATA=2455853.81112|19.310|0.070|
DATA=2455853.82165|19.333|0.089|
DATA=2455853.83784|19.649|0.098|
DATA=2455853.85211|19.915|0.098|
DATA=2455853.86218|19.725|0.087|
DATA=2455853.91914|19.275|0.074|
DATA=2455853.92541|19.491|0.088|
DATA=2455853.93836|19.575|0.082|
DATA=2455853.97225|19.732|0.081|
DATA=2455853.99151|19.224|0.071|
DATA=2455854.01273|19.360|0.073|
DATA=2455854.02790|19.510|0.080|
DATA=2455854.03502|19.364|0.082|
ENDDATA
STARTMETADATA
REVISEDDATA=FALSE
OBJECTNUMBER=304972
OBJECTNAME=2007 TF153
MPCDESIG=2007 TF153
SESSIONDATE=2011-10-18
SESSIONTIME=07:56:55
CONTACTNAME=A. Waszczak
CONTACTINFO=awaszczak@gmail.com
OBSERVERS=Waszczak, A. Chang, C.-K., 11 co-authors
OBSLONGITUDE=-116.8639
OBSLATITUDE=33.3558
OBJECTRA=03:29
OBJECTDEC=+23
PHASE=+13.84
PABL=+49.1
PABB=+3.8
FILTER=R
MAGBAND=R
CICORRECTION=FALSE
CIBAND=NONE
CITARGET=0.000
DIFFERMAGS=FALSE
MAGADJUST=0.0
STANDARD=INTERNAL
LTCAPP=NONE
LTCDAYS=0.0
LTCTYPE=NONE
REDUCEDMAGS=NONE
UCORMAG=0.0
PUBLICATION=(2016) Astron. J. 150, A75
BIBCODE=2016AJ....150...75W
COMMENT=Earth/Sun distances (AU): 1.2867/2.1970
DELIMITER=PIPE
ENDMETADATA
DATA=2455852.71939|19.325|0.068|
DATA=2455852.73491|19.430|0.080|
DATA=2455852.75401|19.380|0.091|
DATA=2455852.76995|19.703|0.100|
DATA=2455852.81813|19.506|0.098|
DATA=2455852.84718|19.470|0.085|
DATA=2455852.86585|19.560|0.094|
DATA=2455852.91891|19.575|0.073|
DATA=2455852.92957|19.381|0.075|
DATA=2455852.95404|19.580|0.086|
ENDDATA
