STARTMETADATA
REVISEDDATA=FALSE
OBJECTNUMBER=16953
OBJECTNAME=Besicovitch
MPCDESIG=1998 KE5
SESSIONDATE=2015-07-27
SESSIONTIME=09:28:00
CONTACTNAME=B. D. Warner
CONTACTINFO=B. D. Warner, 446 Sycamore Ave., Eaton, CO, USA [brian@MinorPlanetObserver.com]
OBSERVERS=B. D. Warner
OBSLONGITUDE=-116.384861
OBSLATITUDE=34.2725
OBJECTRA=22:14
OBJECTDEC=+02
PHASE=+13.01
PABL=+330.2
PABB=+10.2
FILTER=C
MAGBAND=V
CICORRECTION=FALSE
CIBAND=NONE
CITARGET=+0.000
DIFFERMAGS=FALSE
MAGADJUST=0.0
STANDARD=INTERNAL
LTCAPP=NONE
LTCDAYS=-0.009588
LTCTYPE=NONE
REDUCEDMAGS=NONE
UCORMAG=-3.1455
PUBLICATION=
BIBCODE=
COMMENT=Heliocentric ecliptic longitude/latitude: +336.45/+12.33
COMMENT=Earth/Sun distances (AU): +2.5627/+1.6611
COMMENT=Observer Instrumentation: 0.5m f/8.1 R/C/FLI 1001E
DELIMITER=PIPE
COMPNAME1=221435.02 +022132.9
COMPRA1=22:14:35.03
COMPDEC1=+02:21:33.2
COMPMAG1=+16.238
COMPCI1=+0.402
COMPNAME2=221425.55 +022206.2
COMPRA2=22:14:25.57
COMPDEC2=+02:22:06.3
COMPMAG2=+15.604
COMPCI2=+0.343
COMPNAME3=221420.52 +022138.1
COMPRA3=22:14:20.51
COMPDEC3=+02:21:38.3
COMPMAG3=+15.434
COMPCI3=+0.369
COMPNAME4=221441.94 +022055.6
COMPRA4=22:14:41.95
COMPDEC4=+02:20:55.4
COMPMAG4=+15.218
COMPCI4=+0.420
COMPNAME5=221428.93 +022537.7
COMPRA5=22:14:28.93
COMPDEC5=+02:25:37.6
COMPMAG5=+15.487
COMPCI5=+0.332
ENDMETADATA
DATA=2457230.800270|+17.201|+0.031|1.472
DATA=2457230.803233|+17.197|+0.030|1.453
DATA=2457230.806208|+17.187|+0.029|1.434
DATA=2457230.809172|+17.183|+0.028|1.416
DATA=2457230.812136|+17.196|+0.028|1.400
DATA=2457230.815110|+17.167|+0.026|1.384
DATA=2457230.821044|+17.197|+0.026|1.354
DATA=2457230.830456|+17.204|+0.026|1.313
DATA=2457230.833420|+17.196|+0.025|1.302
DATA=2457230.836385|+17.162|+0.024|1.291
DATA=2457230.839358|+17.177|+0.024|1.281
DATA=2457230.842325|+17.189|+0.024|1.271
DATA=2457230.845296|+17.188|+0.023|1.262
DATA=2457230.848262|+17.150|+0.023|1.254
DATA=2457230.851224|+17.178|+0.023|1.246
DATA=2457230.854186|+17.165|+0.023|1.238
DATA=2457230.857163|+17.192|+0.023|1.231
DATA=2457230.864300|+17.175|+0.022|1.217
DATA=2457230.867260|+17.200|+0.021|1.212
DATA=2457230.870226|+17.205|+0.021|1.207
DATA=2457230.873193|+17.179|+0.019|1.202
DATA=2457230.876158|+17.178|+0.019|1.198
DATA=2457230.879126|+17.204|+0.019|1.195
DATA=2457230.882093|+17.178|+0.018|1.192
DATA=2457230.885058|+17.171|+0.017|1.189
DATA=2457230.888025|+17.184|+0.017|1.187
DATA=2457230.890990|+17.178|+0.017|1.185
DATA=2457230.897546|+17.179|+0.017|1.182
DATA=2457230.900513|+17.173|+0.018|1.182
DATA=2457230.909390|+17.167|+0.016|1.182
DATA=2457230.912361|+17.156|+0.015|1.183
DATA=2457230.915329|+17.166|+0.016|1.185
DATA=2457230.918295|+17.150|+0.015|1.187
DATA=2457230.921259|+17.155|+0.016|1.189
DATA=2457230.924222|+17.154|+0.015|1.192
DATA=2457230.932274|+17.173|+0.016|1.201
DATA=2457230.935243|+17.180|+0.016|1.205
DATA=2457230.938206|+17.171|+0.016|1.210
DATA=2457230.941175|+17.153|+0.016|1.215
DATA=2457230.944147|+17.162|+0.016|1.221
DATA=2457230.947113|+17.164|+0.016|1.227
DATA=2457230.950082|+17.182|+0.016|1.234
DATA=2457230.953047|+17.178|+0.016|1.241
DATA=2457230.956014|+17.154|+0.016|1.248
DATA=2457230.958983|+17.147|+0.016|1.257
DATA=2457230.965529|+17.168|+0.016|1.276
DATA=2457230.968494|+17.200|+0.016|1.286
DATA=2457230.971458|+17.202|+0.019|1.297
DATA=2457230.974384|+17.173|+0.017|1.308
DATA=2457230.977355|+17.169|+0.017|1.320
DATA=2457230.980325|+17.183|+0.018|1.332
DATA=2457230.983288|+17.204|+0.019|1.345
DATA=2457230.986255|+17.210|+0.022|1.359
DATA=2457230.989227|+17.195|+0.027|1.374
ENDDATA
