STARTMETADATA
REVISEDDATA=FALSE
OBJECTNUMBER=54501
OBJECTNAME=2000 OB52
MPCDESIG=2000 OB52
SESSIONDATE=2015-05-30
SESSIONTIME=01:58:00
CONTACTNAME=L. French; R. D. Stephens
CONTACTINFO=R. D. Stephens
OBSERVERS=R. D. Stephens
OBSLONGITUDE=-70.806667
OBSLATITUDE=-30.169722
OBJECTRA=12:16
OBJECTDEC=-10
PHASE=+18.33
PABL=+197.2
PABB=-7.0
FILTER=R
MAGBAND=R
CICORRECTION=FALSE
CIBAND=NONE
CITARGET=+0.000
DIFFERMAGS=FALSE
MAGADJUST=0.0
STANDARD=INTERNAL
LTCAPP=NONE
LTCDAYS=-0.012480
LTCTYPE=NONE
REDUCEDMAGS=NONE
UCORMAG=-3.9133
PUBLICATION=
BIBCODE=
COMMENT=Heliocentric ecliptic longitude/latitude: +187.99/-7.81
COMMENT=Earth/Sun distances (AU): +2.8040/+2.1621
COMMENT=Observer Instrumentation: 4-meter Blanco/DECam
DELIMITER=PIPE
COMPNAME1=121726.69 -102027.5
COMPRA1=12:17:26.68
COMPDEC1=-10:20:27.3
COMPMAG1=+16.575
COMPCI1=+0.654
ENDMETADATA
DATA=2457172.454285|+17.968|+0.008|1.156
DATA=2457172.458097|+17.983|+0.008|1.145
DATA=2457172.461887|+17.985|+0.008|1.135
DATA=2457172.494325|+18.086|+0.007|1.079
DATA=2457172.498128|+18.093|+0.007|1.075
DATA=2457172.501938|+18.105|+0.008|1.072
DATA=2457172.534153|+18.098|+0.006|1.068
DATA=2457172.537971|+18.076|+0.007|1.070
DATA=2457172.541787|+18.068|+0.007|1.073
DATA=2457172.574038|+17.942|+0.007|1.121
DATA=2457172.577856|+17.928|+0.007|1.129
DATA=2457172.581646|+17.928|+0.007|1.139
DATA=2457172.613964|+17.967|+0.007|1.253
DATA=2457172.617772|+17.977|+0.007|1.272
DATA=2457172.621594|+17.997|+0.007|1.291
DATA=2457172.663288|+17.973|+0.008|1.612
DATA=2457172.667077|+17.971|+0.007|1.655
DATA=2457172.670866|+17.973|+0.007|1.700
DATA=2457172.706799|+17.979|+0.009|2.373
DATA=2457172.710586|+17.996|+0.009|2.484
ENDDATA
