STARTMETADATA
REVISEDDATA=FALSE
OBJECTNUMBER=130
OBJECTNAME=Elektra
MPCDESIG=
SESSIONDATE=2016-01-14
SESSIONTIME=01:06:00
CONTACTNAME=V. Benishek
CONTACTINFO=vlaben@yahoo.com
OBSERVERS=V. Benishek
OBSLONGITUDE=+20.545750
OBSLATITUDE=+44.530250
OBJECTRA=09:56
OBJECTDEC=+08
PHASE=+9.99
PABL=+143.5
PABB=-3.4
FILTER=C
MAGBAND=V
CICORRECTION=FALSE
CIBAND=NONE
CITARGET=+0.000
DIFFERMAGS=FALSE
MAGADJUST=0.0
STANDARD=INTERNAL
LTCAPP=NONE
LTCDAYS=-0.014126
LTCTYPE=NONE
REDUCEDMAGS=NONE
UCORMAG=-4.5343
PUBLICATION=
BIBCODE=
COMMENT=Heliocentric ecliptic longitude/latitude: +148.45/-3.92
COMMENT=Earth/Sun distances (AU): +3.2973/+2.4473
COMMENT=Observer Instrumentation: Meade 14" LX200GPS/SBIG ST8XME
DELIMITER=PIPE
COMPNAME1=095649.38 +081932.2
COMPRA1=09:56:49.36
COMPDEC1=+08:19:31.9
COMPMAG1=+14.342
COMPCI1=+0.492
COMPNAME2=095649.73 +082401.6
COMPRA2=09:56:49.72
COMPDEC2=+08:24:01.5
COMPMAG2=+14.513
COMPCI2=+0.447
ENDMETADATA
DATA=2457401.399572|+12.254|+0.004|
DATA=2457401.402396|+12.266|+0.004|
DATA=2457401.405232|+12.265|+0.004|
DATA=2457401.408067|+12.286|+0.004|
DATA=2457401.410903|+12.304|+0.004|
DATA=2457401.413727|+12.328|+0.004|
DATA=2457401.416551|+12.360|+0.004|
DATA=2457401.419387|+12.410|+0.004|
DATA=2457401.422211|+12.430|+0.004|
DATA=2457401.425035|+12.459|+0.005|
DATA=2457401.539363|+12.526|+0.002|
DATA=2457401.542187|+12.563|+0.002|
DATA=2457401.545023|+12.602|+0.002|
DATA=2457401.547847|+12.645|+0.002|
DATA=2457401.554502|+12.658|+0.004|
DATA=2457401.557326|+12.634|+0.002|
DATA=2457401.560150|+12.599|+0.002|
DATA=2457401.562986|+12.561|+0.002|
DATA=2457401.565810|+12.519|+0.002|
DATA=2457401.568634|+12.500|+0.002|
DATA=2457401.571470|+12.462|+0.002|
DATA=2457401.574294|+12.438|+0.002|
DATA=2457401.577130|+12.413|+0.002|
DATA=2457401.579954|+12.389|+0.002|
DATA=2457401.582778|+12.364|+0.002|
DATA=2457401.585613|+12.345|+0.002|
DATA=2457401.588437|+12.331|+0.002|
DATA=2457401.591262|+12.307|+0.002|
DATA=2457401.594097|+12.285|+0.002|
DATA=2457401.597778|+12.283|+0.002|
DATA=2457401.600613|+12.265|+0.002|
DATA=2457401.603438|+12.263|+0.002|
DATA=2457401.606262|+12.277|+0.002|
DATA=2457401.609097|+12.283|+0.002|
DATA=2457401.611933|+12.287|+0.002|
DATA=2457401.614757|+12.263|+0.002|
DATA=2457401.617593|+12.271|+0.002|
DATA=2457401.620417|+12.275|+0.002|
DATA=2457401.623252|+12.289|+0.002|
DATA=2457401.626076|+12.301|+0.003|
DATA=2457401.628912|+12.316|+0.003|
DATA=2457401.631736|+12.328|+0.003|
DATA=2457401.634560|+12.357|+0.003|
DATA=2457401.637396|+12.389|+0.003|
DATA=2457401.641076|+12.435|+0.003|
DATA=2457401.643900|+12.484|+0.003|
DATA=2457401.646725|+12.524|+0.002|
DATA=2457401.649560|+12.559|+0.003|
DATA=2457401.652384|+12.599|+0.002|
DATA=2457401.655208|+12.635|+0.002|
DATA=2457401.658044|+12.632|+0.002|
DATA=2457401.660868|+12.611|+0.002|
DATA=2457401.663704|+12.596|+0.002|
DATA=2457401.666539|+12.569|+0.002|
DATA=2457401.669363|+12.559|+0.002|
DATA=2457401.672188|+12.517|+0.002|
DATA=2457401.675023|+12.483|+0.002|
DATA=2457401.677847|+12.470|+0.002|
DATA=2457401.680671|+12.421|+0.002|
DATA=2457401.684340|+12.395|+0.002|
DATA=2457401.687176|+12.394|+0.003|
DATA=2457401.690000|+12.380|+0.003|
DATA=2457401.692836|+12.334|+0.003|
ENDDATA
