STARTMETADATA
REVISEDDATA=FALSE
OBJECTNUMBER=13337
OBJECTNAME=1998 SZ114
MPCDESIG=1998 SZ114
SESSIONDATE=2014-02-23
SESSIONTIME=08:28:55
CONTACTNAME=A. Waszczak
CONTACTINFO=awaszczak@gmail.com
OBSERVERS=Waszczak, A. Chang, C.-K., 11 co-authors
OBSLONGITUDE=-116.8639
OBSLATITUDE=33.3558
OBJECTRA=10:42
OBJECTDEC=+10
PHASE=+1.46
PABL=+157.6
PABB=+1.7
FILTER=R
MAGBAND=R
CICORRECTION=FALSE
CIBAND=NONE
CITARGET=0.000
DIFFERMAGS=FALSE
MAGADJUST=0.0
STANDARD=INTERNAL
LTCAPP=NONE
LTCDAYS=0.0
LTCTYPE=NONE
REDUCEDMAGS=NONE
UCORMAG=0.0
PUBLICATION=(2016) Astron. J. 150, A75
BIBCODE=2016AJ....150...75W
COMMENT=Earth/Sun distances (AU): 1.9172/2.9049
DELIMITER=PIPE
ENDMETADATA
DATA=2456711.67991|17.675|0.018|
DATA=2456711.69583|17.783|0.018|
DATA=2456711.71099|17.803|0.018|
DATA=2456711.72709|17.651|0.016|
DATA=2456711.74312|17.632|0.015|
DATA=2456711.75910|17.648|0.015|
DATA=2456711.77457|17.763|0.017|
DATA=2456711.79020|17.763|0.016|
DATA=2456711.80508|17.697|0.018|
DATA=2456711.82070|17.573|0.017|
DATA=2456711.83715|17.611|0.014|
DATA=2456711.85089|17.668|0.016|
DATA=2456711.86663|17.780|0.016|
DATA=2456711.88200|17.739|0.015|
DATA=2456711.89695|17.623|0.015|
DATA=2456711.92788|17.660|0.017|
DATA=2456711.94169|17.784|0.033|
DATA=2456711.96040|17.744|0.018|
DATA=2456711.97178|17.705|0.017|
DATA=2456711.98204|17.616|0.019|
DATA=2456711.99155|17.592|0.018|
DATA=2456712.00138|17.608|0.019|
DATA=2456712.01177|17.635|0.020|
ENDDATA
STARTMETADATA
REVISEDDATA=FALSE
OBJECTNUMBER=13337
OBJECTNAME=1998 SZ114
MPCDESIG=1998 SZ114
SESSIONDATE=2014-02-22
SESSIONTIME=08:47:11
CONTACTNAME=A. Waszczak
CONTACTINFO=awaszczak@gmail.com
OBSERVERS=Waszczak, A. Chang, C.-K., 11 co-authors
OBSLONGITUDE=-116.8639
OBSLATITUDE=33.3558
OBJECTRA=10:43
OBJECTDEC=+10
PHASE=+1.83
PABL=+157.6
PABB=+1.7
FILTER=R
MAGBAND=R
CICORRECTION=FALSE
CIBAND=NONE
CITARGET=0.000
DIFFERMAGS=FALSE
MAGADJUST=0.0
STANDARD=INTERNAL
LTCAPP=NONE
LTCDAYS=0.0
LTCTYPE=NONE
REDUCEDMAGS=NONE
UCORMAG=0.0
PUBLICATION=(2016) Astron. J. 150, A75
BIBCODE=2016AJ....150...75W
COMMENT=Earth/Sun distances (AU): 1.9185/2.9048
DELIMITER=PIPE
ENDMETADATA
DATA=2456710.68312|17.742|0.020|
DATA=2456710.69880|17.781|0.020|
DATA=2456710.71453|17.747|0.019|
DATA=2456710.74599|17.665|0.016|
DATA=2456710.76665|17.776|0.017|
DATA=2456710.78217|17.834|0.017|
DATA=2456710.79752|17.783|0.016|
DATA=2456710.81287|17.544|0.017|
DATA=2456710.82827|17.729|0.016|
DATA=2456710.85225|17.751|0.016|
DATA=2456710.86781|17.808|0.018|
DATA=2456710.88350|17.767|0.024|
DATA=2456710.89800|17.634|0.021|
DATA=2456710.91402|17.637|0.021|
DATA=2456710.92969|17.715|0.018|
DATA=2456710.94475|17.855|0.021|
DATA=2456710.96049|17.850|0.036|
DATA=2456710.97440|17.782|0.066|
DATA=2456710.98604|17.664|0.027|
DATA=2456710.99417|17.673|0.021|
DATA=2456711.00115|17.692|0.027|
DATA=2456711.01804|17.733|0.031|
ENDDATA
STARTMETADATA
REVISEDDATA=FALSE
OBJECTNUMBER=13337
OBJECTNAME=1998 SZ114
MPCDESIG=1998 SZ114
SESSIONDATE=2014-02-20
SESSIONTIME=04:30:59
CONTACTNAME=A. Waszczak
CONTACTINFO=awaszczak@gmail.com
OBSERVERS=Waszczak, A. Chang, C.-K., 11 co-authors
OBSLONGITUDE=-116.8639
OBSLATITUDE=33.3558
OBJECTRA=10:45
OBJECTDEC=+10
PHASE=+2.69
PABL=+157.6
PABB=+1.7
FILTER=R
MAGBAND=R
CICORRECTION=FALSE
CIBAND=NONE
CITARGET=0.000
DIFFERMAGS=FALSE
MAGADJUST=0.0
STANDARD=INTERNAL
LTCAPP=NONE
LTCDAYS=0.0
LTCTYPE=NONE
REDUCEDMAGS=NONE
UCORMAG=0.0
PUBLICATION=(2016) Astron. J. 150, A75
BIBCODE=2016AJ....150...75W
COMMENT=Earth/Sun distances (AU): 1.9222/2.9047
DELIMITER=PIPE
ENDMETADATA
DATA=2456708.68819|17.848|0.024|
ENDDATA
