STARTMETADATA
REVISEDDATA=FALSE
OBJECTNUMBER=137184
OBJECTNAME=1999 JG63
MPCDESIG=1999 JG63
SESSIONDATE=2009-04-02
SESSIONTIME=09:37:40
CONTACTNAME=A. Waszczak
CONTACTINFO=awaszczak@gmail.com
OBSERVERS=Waszczak, A. Chang, C.-K., 11 co-authors
OBSLONGITUDE=-116.8639
OBSLATITUDE=33.3558
OBJECTRA=12:32
OBJECTDEC=+06
PHASE=+4.55
PABL=+186.6
PABB=+7.1
FILTER=SG
MAGBAND=SG
CICORRECTION=FALSE
CIBAND=NONE
CITARGET=0.000
DIFFERMAGS=FALSE
MAGADJUST=0.0
STANDARD=INTERNAL
LTCAPP=NONE
LTCDAYS=0.0
LTCTYPE=NONE
REDUCEDMAGS=NONE
UCORMAG=0.0
PUBLICATION=(2016) Astron. J. 150, A75
BIBCODE=2016AJ....150...75W
COMMENT=Earth/Sun distances (AU): 1.5583/2.5454
DELIMITER=PIPE
ENDMETADATA
DATA=2454923.68841|17.979|0.022|
DATA=2454923.77725|17.849|0.016|
DATA=2454923.81214|18.312|0.021|
DATA=2454923.81960|18.332|0.022|
DATA=2454923.82711|18.167|0.019|
DATA=2454923.83460|17.995|0.017|
DATA=2454923.88071|17.876|0.015|
DATA=2454923.88809|17.953|0.015|
DATA=2454923.89549|18.102|0.016|
DATA=2454923.91033|18.249|0.018|
DATA=2454923.91778|18.234|0.018|
DATA=2454923.92526|18.218|0.018|
DATA=2454923.93281|18.110|0.017|
DATA=2454923.94034|17.948|0.015|
DATA=2454923.94789|17.838|0.015|
DATA=2454923.95542|17.779|0.015|
DATA=2454923.96303|17.733|0.014|
DATA=2454923.97061|17.745|0.015|
DATA=2454923.97667|17.832|0.016|
DATA=2454923.97986|17.871|0.016|
DATA=2454923.98946|17.917|0.019|
DATA=2454923.99267|18.029|0.020|
ENDDATA
