STARTMETADATA
REVISEDDATA=FALSE
OBJECTNUMBER=50762
OBJECTNAME=2000 EY184
MPCDESIG=2000 EY184
SESSIONDATE=2013-02-15
SESSIONTIME=04:23:19
CONTACTNAME=A. Waszczak
CONTACTINFO=awaszczak@gmail.com
OBSERVERS=Waszczak, A. Chang, C.-K., 11 co-authors
OBSLONGITUDE=-116.8639
OBSLATITUDE=33.3558
OBJECTRA=06:26
OBJECTDEC=+22
PHASE=+16.71
PABL=+104.4
PABB=-0.4
FILTER=R
MAGBAND=R
CICORRECTION=FALSE
CIBAND=NONE
CITARGET=0.000
DIFFERMAGS=FALSE
MAGADJUST=0.0
STANDARD=INTERNAL
LTCAPP=NONE
LTCDAYS=0.0
LTCTYPE=NONE
REDUCEDMAGS=NONE
UCORMAG=0.0
PUBLICATION=(2016) Astron. J. 150, A75
BIBCODE=2016AJ....150...75W
COMMENT=Earth/Sun distances (AU): 1.9078/2.6488
DELIMITER=PIPE
ENDMETADATA
DATA=2456338.67502|19.148|0.069|
DATA=2456338.69071|19.364|0.090|
ENDDATA
STARTMETADATA
REVISEDDATA=FALSE
OBJECTNUMBER=50762
OBJECTNAME=2000 EY184
MPCDESIG=2000 EY184
SESSIONDATE=2013-02-17
SESSIONTIME=05:52:02
CONTACTNAME=A. Waszczak
CONTACTINFO=awaszczak@gmail.com
OBSERVERS=Waszczak, A. Chang, C.-K., 11 co-authors
OBSLONGITUDE=-116.8639
OBSLATITUDE=33.3558
OBJECTRA=06:26
OBJECTDEC=+23
PHASE=+17.22
PABL=+104.6
PABB=-0.2
FILTER=R
MAGBAND=R
CICORRECTION=FALSE
CIBAND=NONE
CITARGET=0.000
DIFFERMAGS=FALSE
MAGADJUST=0.0
STANDARD=INTERNAL
LTCAPP=NONE
LTCDAYS=0.0
LTCTYPE=NONE
REDUCEDMAGS=NONE
UCORMAG=0.0
PUBLICATION=(2016) Astron. J. 150, A75
BIBCODE=2016AJ....150...75W
COMMENT=Earth/Sun distances (AU): 1.9309/2.6504
DELIMITER=PIPE
ENDMETADATA
DATA=2456340.61185|19.262|0.056|
DATA=2456340.61297|19.128|0.058|
DATA=2456340.62751|19.432|0.055|
DATA=2456340.62863|19.369|0.053|
DATA=2456340.64273|19.406|0.056|
DATA=2456340.64386|19.254|0.048|
DATA=2456340.65840|19.256|0.050|
DATA=2456340.65952|19.297|0.050|
DATA=2456340.67482|19.266|0.049|
DATA=2456340.67594|19.333|0.054|
DATA=2456340.69158|19.411|0.053|
DATA=2456340.69271|19.376|0.056|
DATA=2456340.70801|19.450|0.059|
DATA=2456340.70915|19.461|0.060|
DATA=2456340.72311|19.195|0.048|
DATA=2456340.72423|19.112|0.049|
DATA=2456340.73966|19.272|0.055|
DATA=2456340.74079|19.292|0.053|
DATA=2456340.75478|19.360|0.057|
DATA=2456340.75591|19.384|0.056|
DATA=2456340.77039|19.447|0.065|
DATA=2456340.77152|19.618|0.066|
DATA=2456340.78550|19.162|0.057|
DATA=2456340.78664|19.201|0.051|
DATA=2456340.80120|19.123|0.057|
DATA=2456340.80233|19.222|0.055|
DATA=2456340.83374|19.542|0.070|
DATA=2456340.84825|19.279|0.071|
DATA=2456340.84938|19.203|0.052|
DATA=2456340.86394|19.249|0.064|
DATA=2456340.86508|19.245|0.057|
DATA=2456340.87998|19.307|0.075|
DATA=2456340.88113|19.301|0.063|
DATA=2456340.89677|19.409|0.074|
ENDDATA
STARTMETADATA
REVISEDDATA=FALSE
OBJECTNUMBER=50762
OBJECTNAME=2000 EY184
MPCDESIG=2000 EY184
SESSIONDATE=2013-02-18
SESSIONTIME=05:10:12
CONTACTNAME=A. Waszczak
CONTACTINFO=awaszczak@gmail.com
OBSERVERS=Waszczak, A. Chang, C.-K., 11 co-authors
OBSLONGITUDE=-116.8639
OBSLATITUDE=33.3558
OBJECTRA=06:26
OBJECTDEC=+23
PHASE=+17.45
PABL=+104.7
PABB=-0.2
FILTER=R
MAGBAND=R
CICORRECTION=FALSE
CIBAND=NONE
CITARGET=0.000
DIFFERMAGS=FALSE
MAGADJUST=0.0
STANDARD=INTERNAL
LTCAPP=NONE
LTCDAYS=0.0
LTCTYPE=NONE
REDUCEDMAGS=NONE
UCORMAG=0.0
PUBLICATION=(2016) Astron. J. 150, A75
BIBCODE=2016AJ....150...75W
COMMENT=Earth/Sun distances (AU): 1.9420/2.6511
DELIMITER=PIPE
ENDMETADATA
DATA=2456341.62456|19.504|0.080|
DATA=2456341.62568|19.683|0.084|
DATA=2456341.64016|19.387|0.067|
DATA=2456341.64128|19.248|0.062|
DATA=2456341.65531|19.114|0.066|
DATA=2456341.65643|19.214|0.070|
DATA=2456341.67062|19.333|0.066|
DATA=2456341.73132|18.971|0.062|
DATA=2456341.74573|19.294|0.093|
DATA=2456341.74686|19.345|0.090|
DATA=2456341.76241|19.424|0.091|
DATA=2456341.77685|19.337|0.075|
DATA=2456341.77797|19.215|0.062|
DATA=2456341.79195|19.225|0.097|
DATA=2456341.79307|19.218|0.068|
DATA=2456341.80663|19.114|0.097|
ENDDATA
