STARTMETADATA
REVISEDDATA=FALSE
OBJECTNUMBER=86153
OBJECTNAME=1999 RE201
MPCDESIG=1999 RE201
SESSIONDATE=2011-12-07
SESSIONTIME=08:09:11
CONTACTNAME=A. Waszczak
CONTACTINFO=awaszczak@gmail.com
OBSERVERS=Waszczak, A. Chang, C.-K., 11 co-authors
OBSLONGITUDE=-116.8639
OBSLATITUDE=33.3558
OBJECTRA=06:47
OBJECTDEC=+40
PHASE=+10.87
PABL=+94.8
PABB=+14.2
FILTER=R
MAGBAND=R
CICORRECTION=FALSE
CIBAND=NONE
CITARGET=0.000
DIFFERMAGS=FALSE
MAGADJUST=0.0
STANDARD=INTERNAL
LTCAPP=NONE
LTCDAYS=0.0
LTCTYPE=NONE
REDUCEDMAGS=NONE
UCORMAG=0.0
PUBLICATION=(2016) Astron. J. 150, A75
BIBCODE=2016AJ....150...75W
COMMENT=Earth/Sun distances (AU): 1.7020/2.6029
DELIMITER=PIPE
ENDMETADATA
DATA=2455902.66769|16.952|0.028|
DATA=2455902.67674|16.943|0.025|
DATA=2455902.71371|17.422|0.032|
DATA=2455902.71912|17.368|0.029|
DATA=2455902.72486|17.249|0.025|
DATA=2455902.73157|17.195|0.024|
DATA=2455902.74251|16.996|0.021|
DATA=2455902.81409|17.323|0.023|
DATA=2455902.83495|16.984|0.019|
DATA=2455902.84693|16.942|0.018|
DATA=2455902.85833|16.962|0.017|
DATA=2455902.89639|17.428|0.022|
DATA=2455902.90454|17.389|0.021|
DATA=2455902.91380|17.176|0.019|
DATA=2455902.93323|16.980|0.017|
DATA=2455903.03050|16.882|0.012|
DATA=2455903.04628|16.938|0.017|
DATA=2455903.05965|16.878|0.017|
ENDDATA
STARTMETADATA
REVISEDDATA=FALSE
OBJECTNUMBER=86153
OBJECTNAME=1999 RE201
MPCDESIG=1999 RE201
SESSIONDATE=2011-12-08
SESSIONTIME=07:16:58
CONTACTNAME=A. Waszczak
CONTACTINFO=awaszczak@gmail.com
OBSERVERS=Waszczak, A. Chang, C.-K., 11 co-authors
OBSLONGITUDE=-116.8639
OBSLATITUDE=33.3558
OBJECTRA=06:47
OBJECTDEC=+40
PHASE=+10.55
PABL=+94.9
PABB=+14.1
FILTER=R
MAGBAND=R
CICORRECTION=FALSE
CIBAND=NONE
CITARGET=0.000
DIFFERMAGS=FALSE
MAGADJUST=0.0
STANDARD=INTERNAL
LTCAPP=NONE
LTCDAYS=0.0
LTCTYPE=NONE
REDUCEDMAGS=NONE
UCORMAG=0.0
PUBLICATION=(2016) Astron. J. 150, A75
BIBCODE=2016AJ....150...75W
COMMENT=Earth/Sun distances (AU): 1.6979/2.6039
DELIMITER=PIPE
ENDMETADATA
DATA=2455903.66296|17.063|0.032|
DATA=2455903.67702|16.939|0.025|
DATA=2455903.68638|16.906|0.025|
DATA=2455903.68878|16.863|0.023|
DATA=2455903.69105|16.869|0.024|
DATA=2455903.69340|16.874|0.024|
DATA=2455903.69570|16.869|0.023|
DATA=2455903.69808|16.930|0.023|
DATA=2455903.70481|16.977|0.025|
DATA=2455903.71174|17.082|0.025|
DATA=2455903.71415|17.021|0.025|
DATA=2455903.71648|17.076|0.029|
DATA=2455903.71888|17.044|0.026|
DATA=2455903.72842|17.184|0.028|
DATA=2455903.73079|17.245|0.032|
DATA=2455903.73321|17.250|0.026|
DATA=2455903.74709|17.153|0.024|
DATA=2455903.74940|17.145|0.023|
DATA=2455903.75189|17.075|0.022|
DATA=2455903.75840|16.955|0.022|
DATA=2455903.76080|16.966|0.021|
DATA=2455903.76326|16.924|0.021|
DATA=2455903.76555|16.893|0.020|
DATA=2455903.77310|16.826|0.020|
DATA=2455903.77540|16.849|0.020|
DATA=2455903.77770|16.857|0.022|
DATA=2455903.78004|16.815|0.021|
DATA=2455903.78240|16.823|0.024|
DATA=2455903.78473|16.815|0.023|
DATA=2455903.78705|16.789|0.021|
DATA=2455903.78937|16.852|0.020|
DATA=2455903.79894|16.983|0.024|
DATA=2455903.80123|17.007|0.022|
DATA=2455903.80359|17.121|0.023|
DATA=2455903.82277|17.346|0.029|
DATA=2455903.82514|17.403|0.028|
DATA=2455903.82760|17.305|0.027|
DATA=2455903.83004|17.338|0.027|
DATA=2455903.83562|17.293|0.026|
DATA=2455903.84089|17.184|0.027|
DATA=2455903.84438|17.119|0.021|
DATA=2455903.84675|17.081|0.021|
DATA=2455903.86419|16.902|0.020|
DATA=2455903.87165|16.949|0.053|
DATA=2455903.88818|16.825|0.074|
DATA=2455903.90458|17.180|0.023|
DATA=2455903.96528|16.843|0.069|
DATA=2455903.98909|17.006|0.029|
DATA=2455904.00806|17.317|0.027|
DATA=2455904.02954|17.138|0.021|
DATA=2455904.05091|16.891|0.013|
DATA=2455904.06494|16.909|0.014|
DATA=2455904.07159|16.893|0.021|
ENDDATA
