STARTMETADATA
REVISEDDATA=FALSE
OBJECTNUMBER=10378
OBJECTNAME=Ingmarbergman
MPCDESIG=1996 NE5
SESSIONDATE=2014-02-23
SESSIONTIME=08:48:54
CONTACTNAME=A. Waszczak
CONTACTINFO=awaszczak@gmail.com
OBSERVERS=Waszczak, A. Chang, C.-K., 11 co-authors
OBSLONGITUDE=-116.8639
OBSLATITUDE=33.3558
OBJECTRA=10:15
OBJECTDEC=+09
PHASE=+0.83
PABL=+152.8
PABB=-1.3
FILTER=R
MAGBAND=R
CICORRECTION=FALSE
CIBAND=NONE
CITARGET=0.000
DIFFERMAGS=FALSE
MAGADJUST=0.0
STANDARD=INTERNAL
LTCAPP=NONE
LTCDAYS=0.0
LTCTYPE=NONE
REDUCEDMAGS=NONE
UCORMAG=0.0
PUBLICATION=(2016) Astron. J. 150, A75
BIBCODE=2016AJ....150...75W
COMMENT=Earth/Sun distances (AU): 2.0004/2.9892
DELIMITER=PIPE
ENDMETADATA
DATA=2456711.69356|17.421|0.013|
DATA=2456711.72480|17.477|0.013|
DATA=2456711.75682|17.371|0.011|
DATA=2456711.78791|17.412|0.011|
DATA=2456711.81841|17.429|0.016|
DATA=2456711.84974|17.445|0.011|
DATA=2456711.86548|17.418|0.011|
DATA=2456711.88085|17.412|0.012|
DATA=2456711.89579|17.524|0.013|
DATA=2456711.91147|17.493|0.014|
DATA=2456711.92673|17.414|0.012|
DATA=2456711.95697|17.351|0.013|
DATA=2456711.96951|17.400|0.013|
DATA=2456711.98091|17.398|0.016|
DATA=2456711.99041|17.459|0.016|
ENDDATA
STARTMETADATA
REVISEDDATA=FALSE
OBJECTNUMBER=10378
OBJECTNAME=Ingmarbergman
MPCDESIG=1996 NE5
SESSIONDATE=2014-02-22
SESSIONTIME=07:47:57
CONTACTNAME=A. Waszczak
CONTACTINFO=awaszczak@gmail.com
OBSERVERS=Waszczak, A. Chang, C.-K., 11 co-authors
OBSLONGITUDE=-116.8639
OBSLATITUDE=33.3558
OBJECTRA=10:16
OBJECTDEC=+09
PHASE=+0.57
PABL=+152.9
PABB=-1.3
FILTER=R
MAGBAND=R
CICORRECTION=FALSE
CIBAND=NONE
CITARGET=0.000
DIFFERMAGS=FALSE
MAGADJUST=0.0
STANDARD=INTERNAL
LTCAPP=NONE
LTCDAYS=0.0
LTCTYPE=NONE
REDUCEDMAGS=NONE
UCORMAG=0.0
PUBLICATION=(2016) Astron. J. 150, A75
BIBCODE=2016AJ....150...75W
COMMENT=Earth/Sun distances (AU): 2.0003/2.9892
DELIMITER=PIPE
ENDMETADATA
DATA=2456710.66517|17.379|0.015|
DATA=2456710.67971|17.409|0.013|
DATA=2456710.69538|17.421|0.012|
DATA=2456710.72681|17.378|0.012|
DATA=2456710.74256|17.367|0.011|
DATA=2456710.75768|17.397|0.011|
DATA=2456710.78917|17.394|0.011|
DATA=2456710.80438|17.356|0.011|
DATA=2456710.81975|17.329|0.011|
DATA=2456710.83523|17.284|0.011|
DATA=2456710.85110|17.388|0.012|
DATA=2456710.86666|17.414|0.012|
DATA=2456710.88235|17.403|0.015|
DATA=2456710.95751|17.477|0.023|
DATA=2456710.97324|17.310|0.054|
DATA=2456710.98485|17.426|0.027|
DATA=2456710.99299|17.378|0.016|
ENDDATA
STARTMETADATA
REVISEDDATA=FALSE
OBJECTNUMBER=10378
OBJECTNAME=Ingmarbergman
MPCDESIG=1996 NE5
SESSIONDATE=2014-02-20
SESSIONTIME=06:52:07
CONTACTNAME=A. Waszczak
CONTACTINFO=awaszczak@gmail.com
OBSERVERS=Waszczak, A. Chang, C.-K., 11 co-authors
OBSLONGITUDE=-116.8639
OBSLATITUDE=33.3558
OBJECTRA=10:18
OBJECTDEC=+08
PHASE=+0.81
PABL=+152.9
PABB=-1.3
FILTER=R
MAGBAND=R
CICORRECTION=FALSE
CIBAND=NONE
CITARGET=0.000
DIFFERMAGS=FALSE
MAGADJUST=0.0
STANDARD=INTERNAL
LTCAPP=NONE
LTCDAYS=0.0
LTCTYPE=NONE
REDUCEDMAGS=NONE
UCORMAG=0.0
PUBLICATION=(2016) Astron. J. 150, A75
BIBCODE=2016AJ....150...75W
COMMENT=Earth/Sun distances (AU): 2.0012/2.9893
DELIMITER=PIPE
ENDMETADATA
DATA=2456708.65948|17.431|0.019|
DATA=2456708.73928|17.406|0.014|
DATA=2456708.83844|17.469|0.019|
DATA=2456708.90762|17.456|0.021|
ENDDATA
