STARTMETADATA
REVISEDDATA=FALSE
OBJECTNUMBER=15552
OBJECTNAME=Sandashounkan
MPCDESIG=2000 FO26
SESSIONDATE=2016-01-21
SESSIONTIME=19:14:00
CONTACTNAME=V. Benishek
CONTACTINFO=vlaben@yahoo.com
OBSERVERS=V. Benishek
OBSLONGITUDE=+20.545750
OBSLATITUDE=+44.530250
OBJECTRA=09:23
OBJECTDEC=+42
PHASE=+10.27
PABL=+127.8
PABB=+20.5
FILTER=C
MAGBAND=V
CICORRECTION=FALSE
CIBAND=NONE
CITARGET=+0.000
DIFFERMAGS=FALSE
MAGADJUST=0.0
STANDARD=INTERNAL
LTCAPP=NONE
LTCDAYS=-0.009025
LTCTYPE=NONE
REDUCEDMAGS=NONE
UCORMAG=-2.9449
PUBLICATION=
BIBCODE=
COMMENT=Heliocentric ecliptic longitude/latitude: +129.64/+25.37
COMMENT=Earth/Sun distances (AU): +2.4823/+1.5636
COMMENT=Observer Instrumentation: Meade 14" LX200GPS/SBIG ST8XME
DELIMITER=PIPE
COMPNAME2=092313.11 +420808.3
COMPRA2=09:23:13.13
COMPDEC2=+42:08:08.5
COMPMAG2=+14.246
COMPCI2=+0.415
ENDMETADATA
DATA=2457409.249074|+16.345|+0.036|
DATA=2457409.251898|+16.377|+0.037|
DATA=2457409.257569|+16.405|+0.041|
DATA=2457409.263229|+16.367|+0.039|
DATA=2457409.266053|+16.364|+0.038|
DATA=2457409.271713|+16.389|+0.038|
DATA=2457409.274549|+16.337|+0.038|
DATA=2457409.280208|+16.336|+0.037|
DATA=2457409.288692|+16.306|+0.034|
DATA=2457409.293403|+16.287|+0.023|
DATA=2457409.296250|+16.338|+0.030|
DATA=2457409.302199|+16.316|+0.024|
DATA=2457409.305035|+16.338|+0.023|
DATA=2457409.307859|+16.327|+0.024|
DATA=2457409.310683|+16.310|+0.024|
DATA=2457409.313518|+16.280|+0.022|
DATA=2457409.319178|+16.273|+0.035|
DATA=2457409.441424|+16.286|+0.016|
DATA=2457409.444259|+16.272|+0.016|
ENDDATA
