STARTMETADATA
REVISEDDATA=FALSE
OBJECTNUMBER=8393
OBJECTNAME=Tetsumasakamoto
MPCDESIG=1993 TJ1
SESSIONDATE=2009-04-06
SESSIONTIME=07:06:10
CONTACTNAME=A. Waszczak
CONTACTINFO=awaszczak@gmail.com
OBSERVERS=Waszczak, A. Chang, C.-K., 11 co-authors
OBSLONGITUDE=-116.8639
OBSLATITUDE=33.3558
OBJECTRA=12:07
OBJECTDEC=+02
PHASE=+5.93
PABL=+183.8
PABB=+2.2
FILTER=R
MAGBAND=R
CICORRECTION=FALSE
CIBAND=NONE
CITARGET=0.000
DIFFERMAGS=FALSE
MAGADJUST=0.0
STANDARD=INTERNAL
LTCAPP=NONE
LTCDAYS=0.0
LTCTYPE=NONE
REDUCEDMAGS=NONE
UCORMAG=0.0
PUBLICATION=(2016) Astron. J. 150, A75
BIBCODE=2016AJ....150...75W
COMMENT=Earth/Sun distances (AU): 1.6671/2.6440
DELIMITER=PIPE
ENDMETADATA
DATA=2454927.64076|18.151|0.066|
DATA=2454927.64814|18.210|0.062|
DATA=2454927.66547|17.842|0.044|
DATA=2454927.67322|17.704|0.041|
DATA=2454927.68063|17.641|0.041|
DATA=2454927.68806|17.799|0.049|
DATA=2454927.69549|17.662|0.039|
DATA=2454927.70295|17.608|0.035|
DATA=2454927.71042|17.615|0.034|
DATA=2454927.71834|17.606|0.034|
DATA=2454927.72585|17.804|0.041|
DATA=2454927.73341|17.844|0.040|
DATA=2454927.74097|17.801|0.036|
DATA=2454927.74850|17.955|0.042|
DATA=2454927.75613|18.023|0.042|
DATA=2454927.81966|17.637|0.033|
DATA=2454927.82740|17.634|0.031|
DATA=2454927.84637|17.638|0.033|
DATA=2454927.85466|17.529|0.031|
DATA=2454927.86244|17.671|0.032|
DATA=2454927.87127|17.754|0.041|
DATA=2454927.87909|17.851|0.041|
DATA=2454927.88701|17.985|0.048|
DATA=2454927.89498|18.045|0.052|
DATA=2454927.91407|18.056|0.057|
DATA=2454927.92211|17.961|0.052|
DATA=2454927.93033|17.905|0.052|
DATA=2454927.93847|17.697|0.050|
DATA=2454927.94715|17.899|0.056|
DATA=2454927.95546|17.625|0.050|
ENDDATA
STARTMETADATA
REVISEDDATA=FALSE
OBJECTNUMBER=8393
OBJECTNAME=Tetsumasakamoto
MPCDESIG=1993 TJ1
SESSIONDATE=2009-04-05
SESSIONTIME=07:44:41
CONTACTNAME=A. Waszczak
CONTACTINFO=awaszczak@gmail.com
OBSERVERS=Waszczak, A. Chang, C.-K., 11 co-authors
OBSLONGITUDE=-116.8639
OBSLATITUDE=33.3558
OBJECTRA=12:08
OBJECTDEC=+02
PHASE=+5.50
PABL=+183.8
PABB=+2.2
FILTER=R
MAGBAND=R
CICORRECTION=FALSE
CIBAND=NONE
CITARGET=0.000
DIFFERMAGS=FALSE
MAGADJUST=0.0
STANDARD=INTERNAL
LTCAPP=NONE
LTCDAYS=0.0
LTCTYPE=NONE
REDUCEDMAGS=NONE
UCORMAG=0.0
PUBLICATION=(2016) Astron. J. 150, A75
BIBCODE=2016AJ....150...75W
COMMENT=Earth/Sun distances (AU): 1.6649/2.6449
DELIMITER=PIPE
ENDMETADATA
DATA=2454926.63982|17.534|0.034|
DATA=2454926.64759|17.698|0.038|
DATA=2454926.65538|17.701|0.035|
DATA=2454926.69288|18.020|0.049|
DATA=2454926.70156|18.130|0.045|
DATA=2454926.71153|18.009|0.038|
DATA=2454926.72015|17.934|0.038|
DATA=2454926.75919|17.587|0.027|
DATA=2454926.76655|17.669|0.032|
DATA=2454926.78127|17.551|0.032|
DATA=2454926.81098|17.936|0.035|
DATA=2454926.81839|17.990|0.037|
DATA=2454926.82583|18.079|0.041|
DATA=2454926.83327|18.143|0.042|
DATA=2454926.84077|18.048|0.039|
DATA=2454926.84828|18.070|0.039|
DATA=2454926.85577|17.968|0.038|
DATA=2454926.86327|17.848|0.032|
DATA=2454926.87085|17.697|0.038|
DATA=2454926.87844|17.677|0.031|
DATA=2454926.88605|17.661|0.033|
DATA=2454926.90448|17.568|0.031|
DATA=2454926.91210|17.568|0.032|
DATA=2454926.91976|17.587|0.035|
DATA=2454926.92744|17.797|0.047|
DATA=2454926.93512|17.819|0.041|
DATA=2454926.94282|17.937|0.060|
DATA=2454926.95055|18.223|0.070|
DATA=2454926.95825|18.076|0.072|
ENDDATA
