STARTMETADATA
REVISEDDATA=FALSE
OBJECTNUMBER=127172
OBJECTNAME=2002 GF154
MPCDESIG=2002 GF154
SESSIONDATE=2014-01-05
SESSIONTIME=08:05:46
CONTACTNAME=A. Waszczak
CONTACTINFO=awaszczak@gmail.com
OBSERVERS=Waszczak, A. Chang, C.-K., 11 co-authors
OBSLONGITUDE=-116.8639
OBSLATITUDE=33.3558
OBJECTRA=08:07
OBJECTDEC=+41
PHASE=+7.92
PABL=+113.1
PABB=+17.6
FILTER=SG
MAGBAND=SG
CICORRECTION=FALSE
CIBAND=NONE
CITARGET=0.000
DIFFERMAGS=FALSE
MAGADJUST=0.0
STANDARD=INTERNAL
LTCAPP=NONE
LTCDAYS=0.0
LTCTYPE=NONE
REDUCEDMAGS=NONE
UCORMAG=0.0
PUBLICATION=(2016) Astron. J. 150, A75
BIBCODE=2016AJ....150...75W
COMMENT=Earth/Sun distances (AU): 1.9007/2.8304
DELIMITER=PIPE
ENDMETADATA
DATA=2456662.66460|19.153|0.053|
DATA=2456662.67159|19.093|0.052|
DATA=2456662.67959|19.085|0.053|
DATA=2456662.68660|19.114|0.055|
DATA=2456662.69542|19.163|0.057|
DATA=2456662.70245|19.219|0.049|
DATA=2456662.70950|19.477|0.051|
DATA=2456662.71656|19.324|0.058|
DATA=2456662.72361|19.541|0.059|
DATA=2456662.73770|19.654|0.062|
DATA=2456662.74477|19.388|0.046|
DATA=2456662.75182|19.165|0.041|
DATA=2456662.75886|19.122|0.038|
DATA=2456662.76591|19.051|0.033|
DATA=2456662.77297|19.016|0.032|
DATA=2456662.78003|19.025|0.044|
DATA=2456662.79340|19.028|0.039|
DATA=2456662.80027|19.084|0.038|
DATA=2456662.80852|19.188|0.037|
DATA=2456662.81536|19.464|0.047|
DATA=2456662.82218|19.468|0.054|
DATA=2456662.85786|19.359|0.042|
DATA=2456662.86470|19.278|0.044|
DATA=2456662.87153|19.048|0.042|
DATA=2456662.87840|19.140|0.036|
DATA=2456662.90283|19.097|0.032|
DATA=2456662.90968|19.207|0.038|
DATA=2456662.91654|19.273|0.042|
DATA=2456662.94111|19.562|0.043|
DATA=2456662.94799|19.574|0.043|
DATA=2456662.95484|19.416|0.041|
DATA=2456662.96171|19.388|0.045|
DATA=2456662.97073|19.148|0.036|
DATA=2456662.97760|19.035|0.034|
DATA=2456662.98446|19.006|0.034|
DATA=2456663.01321|19.087|0.042|
DATA=2456663.02702|19.334|0.048|
DATA=2456663.03393|19.430|0.049|
DATA=2456663.04083|19.696|0.057|
ENDDATA
STARTMETADATA
REVISEDDATA=FALSE
OBJECTNUMBER=127172
OBJECTNAME=2002 GF154
MPCDESIG=2002 GF154
SESSIONDATE=2014-01-02
SESSIONTIME=04:50:24
CONTACTNAME=A. Waszczak
CONTACTINFO=awaszczak@gmail.com
OBSERVERS=Waszczak, A. Chang, C.-K., 11 co-authors
OBSLONGITUDE=-116.8639
OBSLATITUDE=33.3558
OBJECTRA=08:11
OBJECTDEC=+41
PHASE=+8.52
PABL=+113.1
PABB=+17.5
FILTER=SG
MAGBAND=SG
CICORRECTION=FALSE
CIBAND=NONE
CITARGET=0.000
DIFFERMAGS=FALSE
MAGADJUST=0.0
STANDARD=INTERNAL
LTCAPP=NONE
LTCDAYS=0.0
LTCTYPE=NONE
REDUCEDMAGS=NONE
UCORMAG=0.0
PUBLICATION=(2016) Astron. J. 150, A75
BIBCODE=2016AJ....150...75W
COMMENT=Earth/Sun distances (AU): 1.9025/2.8235
DELIMITER=PIPE
ENDMETADATA
DATA=2456659.69622|19.124|0.049|
DATA=2456659.70714|19.040|0.043|
ENDDATA
