STARTMETADATA
REVISEDDATA=FALSE
OBJECTNUMBER=86505
OBJECTNAME=2000 DS42
MPCDESIG=2000 DS42
SESSIONDATE=2011-06-21
SESSIONTIME=08:59:03
CONTACTNAME=A. Waszczak
CONTACTINFO=awaszczak@gmail.com
OBSERVERS=Waszczak, A. Chang, C.-K., 11 co-authors
OBSLONGITUDE=-116.8639
OBSLATITUDE=33.3558
OBJECTRA=19:52
OBJECTDEC=-14
PHASE=+13.03
PABL=+290.9
PABB=+4.8
FILTER=R
MAGBAND=R
CICORRECTION=FALSE
CIBAND=NONE
CITARGET=0.000
DIFFERMAGS=FALSE
MAGADJUST=0.0
STANDARD=INTERNAL
LTCAPP=NONE
LTCDAYS=0.0
LTCTYPE=NONE
REDUCEDMAGS=NONE
UCORMAG=0.0
PUBLICATION=(2016) Astron. J. 150, A75
BIBCODE=2016AJ....150...75W
COMMENT=Earth/Sun distances (AU): 1.1925/2.1418
DELIMITER=PIPE
ENDMETADATA
DATA=2455733.78903|18.293|0.054|
DATA=2455733.81329|19.073|0.065|
DATA=2455733.83938|19.715|0.095|
DATA=2455733.85382|19.367|0.076|
DATA=2455733.88482|18.661|0.047|
DATA=2455733.89793|18.632|0.043|
DATA=2455733.91238|18.619|0.043|
DATA=2455733.93221|18.905|0.054|
DATA=2455733.94625|19.324|0.075|
ENDDATA
STARTMETADATA
REVISEDDATA=FALSE
OBJECTNUMBER=86505
OBJECTNAME=2000 DS42
MPCDESIG=2000 DS42
SESSIONDATE=2011-06-22
SESSIONTIME=09:22:14
CONTACTNAME=A. Waszczak
CONTACTINFO=awaszczak@gmail.com
OBSERVERS=Waszczak, A. Chang, C.-K., 11 co-authors
OBSLONGITUDE=-116.8639
OBSLATITUDE=33.3558
OBJECTRA=19:51
OBJECTDEC=-14
PHASE=+12.57
PABL=+290.9
PABB=+4.8
FILTER=R
MAGBAND=R
CICORRECTION=FALSE
CIBAND=NONE
CITARGET=0.000
DIFFERMAGS=FALSE
MAGADJUST=0.0
STANDARD=INTERNAL
LTCAPP=NONE
LTCDAYS=0.0
LTCTYPE=NONE
REDUCEDMAGS=NONE
UCORMAG=0.0
PUBLICATION=(2016) Astron. J. 150, A75
BIBCODE=2016AJ....150...75W
COMMENT=Earth/Sun distances (AU): 1.1851/2.1398
DELIMITER=PIPE
ENDMETADATA
DATA=2455734.77122|18.542|0.037|
DATA=2455734.78284|18.642|0.039|
DATA=2455734.79579|18.807|0.048|
DATA=2455734.80928|18.959|0.054|
DATA=2455734.82276|19.457|0.077|
DATA=2455734.83573|19.631|0.089|
DATA=2455734.88996|18.801|0.040|
DATA=2455734.89112|18.552|0.032|
DATA=2455734.89228|18.593|0.037|
DATA=2455734.90442|18.598|0.039|
DATA=2455734.90556|18.579|0.040|
DATA=2455734.90669|18.749|0.042|
DATA=2455734.90905|18.527|0.039|
DATA=2455734.91016|18.660|0.040|
DATA=2455734.91127|18.736|0.050|
DATA=2455734.91240|18.642|0.042|
DATA=2455734.91357|18.655|0.040|
DATA=2455734.91468|18.629|0.041|
DATA=2455734.91588|18.639|0.042|
DATA=2455734.91699|18.627|0.047|
DATA=2455734.91811|18.752|0.048|
DATA=2455734.91929|18.572|0.045|
DATA=2455734.95287|19.484|0.076|
DATA=2455734.97466|19.323|0.078|
DATA=2455734.98439|19.149|0.097|
ENDDATA
STARTMETADATA
REVISEDDATA=FALSE
OBJECTNUMBER=86505
OBJECTNAME=2000 DS42
MPCDESIG=2000 DS42
SESSIONDATE=2011-06-23
SESSIONTIME=09:07:41
CONTACTNAME=A. Waszczak
CONTACTINFO=awaszczak@gmail.com
OBSERVERS=Waszczak, A. Chang, C.-K., 11 co-authors
OBSLONGITUDE=-116.8639
OBSLATITUDE=33.3558
OBJECTRA=19:51
OBJECTDEC=-14
PHASE=+12.12
PABL=+291.0
PABB=+4.8
FILTER=R
MAGBAND=R
CICORRECTION=FALSE
CIBAND=NONE
CITARGET=0.000
DIFFERMAGS=FALSE
MAGADJUST=0.0
STANDARD=INTERNAL
LTCAPP=NONE
LTCDAYS=0.0
LTCTYPE=NONE
REDUCEDMAGS=NONE
UCORMAG=0.0
PUBLICATION=(2016) Astron. J. 150, A75
BIBCODE=2016AJ....150...75W
COMMENT=Earth/Sun distances (AU): 1.1782/2.1378
DELIMITER=PIPE
ENDMETADATA
DATA=2455735.78762|18.670|0.040|
DATA=2455735.79937|18.925|0.042|
DATA=2455735.83784|19.178|0.054|
DATA=2455735.86865|18.713|0.038|
DATA=2455735.90160|18.639|0.034|
DATA=2455735.91761|18.845|0.043|
DATA=2455735.95200|19.547|0.073|
DATA=2455735.97799|18.872|0.059|
ENDDATA
