STARTMETADATA
REVISEDDATA=FALSE
OBJECTNUMBER=18669
OBJECTNAME=Lalitpatel
MPCDESIG=1998 FP63
SESSIONDATE=2014-02-21
SESSIONTIME=08:13:13
CONTACTNAME=A. Waszczak
CONTACTINFO=awaszczak@gmail.com
OBSERVERS=Waszczak, A. Chang, C.-K., 11 co-authors
OBSLONGITUDE=-116.8639
OBSLATITUDE=33.3558
OBJECTRA=10:46
OBJECTDEC=+10
PHASE=+2.22
PABL=+158.0
PABB=+2.0
FILTER=R
MAGBAND=R
CICORRECTION=FALSE
CIBAND=NONE
CITARGET=0.000
DIFFERMAGS=FALSE
MAGADJUST=0.0
STANDARD=INTERNAL
LTCAPP=NONE
LTCDAYS=0.0
LTCTYPE=NONE
REDUCEDMAGS=NONE
UCORMAG=0.0
PUBLICATION=(2016) Astron. J. 150, A75
BIBCODE=2016AJ....150...75W
COMMENT=Earth/Sun distances (AU): 2.1533/3.1371
DELIMITER=PIPE
ENDMETADATA
DATA=2456709.68774|18.573|0.050|
DATA=2456709.76428|18.677|0.079|
DATA=2456709.77966|18.431|0.031|
DATA=2456709.79510|18.395|0.028|
DATA=2456709.82592|18.318|0.051|
DATA=2456709.84144|18.375|0.046|
DATA=2456709.87203|18.912|0.097|
DATA=2456709.90261|18.894|0.083|
DATA=2456709.91758|18.794|0.061|
DATA=2456709.93318|18.578|0.072|
DATA=2456709.94812|18.480|0.078|
ENDDATA
STARTMETADATA
REVISEDDATA=FALSE
OBJECTNUMBER=18669
OBJECTNAME=Lalitpatel
MPCDESIG=1998 FP63
SESSIONDATE=2014-02-20
SESSIONTIME=08:36:03
CONTACTNAME=A. Waszczak
CONTACTINFO=awaszczak@gmail.com
OBSERVERS=Waszczak, A. Chang, C.-K., 11 co-authors
OBSLONGITUDE=-116.8639
OBSLATITUDE=33.3558
OBJECTRA=10:47
OBJECTDEC=+10
PHASE=+2.58
PABL=+158.0
PABB=+2.0
FILTER=R
MAGBAND=R
CICORRECTION=FALSE
CIBAND=NONE
CITARGET=0.000
DIFFERMAGS=FALSE
MAGADJUST=0.0
STANDARD=INTERNAL
LTCAPP=NONE
LTCDAYS=0.0
LTCTYPE=NONE
REDUCEDMAGS=NONE
UCORMAG=0.0
PUBLICATION=(2016) Astron. J. 150, A75
BIBCODE=2016AJ....150...75W
COMMENT=Earth/Sun distances (AU): 2.1566/3.1384
DELIMITER=PIPE
ENDMETADATA
DATA=2456708.68820|18.337|0.035|
DATA=2456708.70327|18.424|0.034|
DATA=2456708.71952|18.523|0.033|
DATA=2456708.73464|18.691|0.041|
DATA=2456708.75091|18.859|0.041|
DATA=2456708.76606|18.958|0.048|
DATA=2456708.78124|18.800|0.047|
DATA=2456708.82361|18.396|0.036|
DATA=2456708.85209|18.371|0.032|
DATA=2456708.86901|18.478|0.042|
DATA=2456708.88444|18.514|0.043|
DATA=2456708.90321|18.854|0.054|
DATA=2456708.92652|18.955|0.059|
DATA=2456708.94760|18.610|0.058|
DATA=2456708.96270|18.553|0.061|
DATA=2456708.97755|18.662|0.059|
DATA=2456708.99265|18.591|0.055|
DATA=2456709.00572|18.448|0.081|
DATA=2456709.02011|18.413|0.080|
ENDDATA
