STARTMETADATA
REVISEDDATA=FALSE
OBJECTNUMBER=34739
OBJECTNAME=2001 QO75
MPCDESIG=2001 QO75
SESSIONDATE=2014-02-23
SESSIONTIME=07:48:29
CONTACTNAME=A. Waszczak
CONTACTINFO=awaszczak@gmail.com
OBSERVERS=Waszczak, A. Chang, C.-K., 11 co-authors
OBSLONGITUDE=-116.8639
OBSLATITUDE=33.3558
OBJECTRA=10:15
OBJECTDEC=+10
PHASE=+0.84
PABL=+152.5
PABB=-0.5
FILTER=R
MAGBAND=R
CICORRECTION=FALSE
CIBAND=NONE
CITARGET=0.000
DIFFERMAGS=FALSE
MAGADJUST=0.0
STANDARD=INTERNAL
LTCAPP=NONE
LTCDAYS=0.0
LTCTYPE=NONE
REDUCEDMAGS=NONE
UCORMAG=0.0
PUBLICATION=(2016) Astron. J. 150, A75
BIBCODE=2016AJ....150...75W
COMMENT=Earth/Sun distances (AU): 1.8020/2.7909
DELIMITER=PIPE
ENDMETADATA
DATA=2456711.66128|17.744|0.019|
DATA=2456711.67590|17.674|0.018|
DATA=2456711.69357|17.710|0.017|
DATA=2456711.70872|17.658|0.016|
DATA=2456711.72481|17.719|0.016|
DATA=2456711.74085|17.722|0.017|
DATA=2456711.75683|17.774|0.017|
DATA=2456711.77229|17.836|0.017|
DATA=2456711.78792|17.880|0.017|
DATA=2456711.80279|17.892|0.026|
DATA=2456711.81842|17.949|0.023|
DATA=2456711.83601|17.863|0.020|
DATA=2456711.84975|17.832|0.017|
DATA=2456711.86549|17.809|0.016|
DATA=2456711.88086|17.775|0.016|
DATA=2456711.89580|17.743|0.016|
DATA=2456711.91148|17.709|0.018|
DATA=2456711.92674|17.686|0.017|
DATA=2456711.94054|17.713|0.038|
DATA=2456711.95698|17.720|0.019|
DATA=2456711.96952|17.733|0.019|
DATA=2456711.98092|17.751|0.022|
ENDDATA
STARTMETADATA
REVISEDDATA=FALSE
OBJECTNUMBER=34739
OBJECTNAME=2001 QO75
MPCDESIG=2001 QO75
SESSIONDATE=2014-02-21
SESSIONTIME=08:19:00
CONTACTNAME=A. Waszczak
CONTACTINFO=awaszczak@gmail.com
OBSERVERS=Waszczak, A. Chang, C.-K., 11 co-authors
OBSLONGITUDE=-116.8639
OBSLATITUDE=33.3558
OBJECTRA=10:17
OBJECTDEC=+10
PHASE=+0.20
PABL=+152.5
PABB=-0.5
FILTER=R
MAGBAND=R
CICORRECTION=FALSE
CIBAND=NONE
CITARGET=0.000
DIFFERMAGS=FALSE
MAGADJUST=0.0
STANDARD=INTERNAL
LTCAPP=NONE
LTCDAYS=0.0
LTCTYPE=NONE
REDUCEDMAGS=NONE
UCORMAG=0.0
PUBLICATION=(2016) Astron. J. 150, A75
BIBCODE=2016AJ....150...75W
COMMENT=Earth/Sun distances (AU): 1.7987/2.7877
DELIMITER=PIPE
ENDMETADATA
DATA=2456709.66679|17.815|0.023|
DATA=2456709.69688|17.817|0.077|
DATA=2456709.75970|17.781|0.039|
DATA=2456709.77509|17.673|0.017|
DATA=2456709.79053|17.635|0.017|
DATA=2456709.82135|17.582|0.028|
DATA=2456709.88303|17.820|0.046|
DATA=2456709.89801|17.886|0.042|
DATA=2456709.91298|17.876|0.037|
DATA=2456709.92858|17.848|0.041|
DATA=2456709.94352|17.724|0.048|
DATA=2456709.95737|17.763|0.092|
DATA=2456709.97119|17.617|0.100|
ENDDATA
STARTMETADATA
REVISEDDATA=FALSE
OBJECTNUMBER=34739
OBJECTNAME=2001 QO75
MPCDESIG=2001 QO75
SESSIONDATE=2014-02-20
SESSIONTIME=08:03:56
CONTACTNAME=A. Waszczak
CONTACTINFO=awaszczak@gmail.com
OBSERVERS=Waszczak, A. Chang, C.-K., 11 co-authors
OBSLONGITUDE=-116.8639
OBSLATITUDE=33.3558
OBJECTRA=10:18
OBJECTDEC=+09
PHASE=+0.52
PABL=+152.5
PABB=-0.5
FILTER=R
MAGBAND=R
CICORRECTION=FALSE
CIBAND=NONE
CITARGET=0.000
DIFFERMAGS=FALSE
MAGADJUST=0.0
STANDARD=INTERNAL
LTCAPP=NONE
LTCDAYS=0.0
LTCTYPE=NONE
REDUCEDMAGS=NONE
UCORMAG=0.0
PUBLICATION=(2016) Astron. J. 150, A75
BIBCODE=2016AJ....150...75W
COMMENT=Earth/Sun distances (AU): 1.7974/2.7860
DELIMITER=PIPE
ENDMETADATA
DATA=2456708.67194|17.743|0.025|
DATA=2456708.68702|17.828|0.020|
DATA=2456708.70209|17.820|0.021|
DATA=2456708.71718|17.857|0.019|
DATA=2456708.73346|17.842|0.020|
DATA=2456708.74857|17.800|0.019|
DATA=2456708.76488|17.855|0.020|
DATA=2456708.78006|17.764|0.020|
DATA=2456708.81905|17.757|0.021|
DATA=2456708.83438|17.665|0.021|
DATA=2456708.84980|17.659|0.018|
DATA=2456708.88213|17.634|0.022|
DATA=2456708.90020|17.787|0.025|
DATA=2456708.92424|17.816|0.026|
DATA=2456708.94419|17.816|0.031|
DATA=2456708.95929|18.000|0.041|
DATA=2456708.97413|17.888|0.041|
DATA=2456708.98921|17.895|0.037|
DATA=2456709.00344|17.779|0.063|
ENDDATA
