STARTMETADATA
REVISEDDATA=FALSE
OBJECTNUMBER=63459
OBJECTNAME=2001 OT7
MPCDESIG=2001 OT7
SESSIONDATE=2010-02-14
SESSIONTIME=07:40:03
CONTACTNAME=A. Waszczak
CONTACTINFO=awaszczak@gmail.com
OBSERVERS=Waszczak, A. Chang, C.-K., 11 co-authors
OBSLONGITUDE=-116.8639
OBSLATITUDE=33.3558
OBJECTRA=10:07
OBJECTDEC=+04
PHASE=+2.63
PABL=+151.2
PABB=-5.8
FILTER=R
MAGBAND=R
CICORRECTION=FALSE
CIBAND=NONE
CITARGET=0.000
DIFFERMAGS=FALSE
MAGADJUST=0.0
STANDARD=INTERNAL
LTCAPP=NONE
LTCDAYS=0.0
LTCTYPE=NONE
REDUCEDMAGS=NONE
UCORMAG=0.0
PUBLICATION=(2016) Astron. J. 150, A75
BIBCODE=2016AJ....150...75W
COMMENT=Earth/Sun distances (AU): 2.5878/3.5654
DELIMITER=PIPE
ENDMETADATA
DATA=2455241.68341|19.555|0.084|
DATA=2455241.69739|19.440|0.078|
DATA=2455241.70964|19.349|0.063|
DATA=2455241.72190|19.115|0.051|
DATA=2455241.73418|19.338|0.055|
DATA=2455241.74649|19.381|0.059|
DATA=2455241.75884|19.571|0.064|
DATA=2455241.77127|19.575|0.066|
DATA=2455241.78373|19.725|0.086|
DATA=2455241.79619|19.524|0.068|
DATA=2455241.80870|19.426|0.054|
DATA=2455241.82128|19.311|0.052|
DATA=2455241.83393|19.309|0.048|
DATA=2455241.84652|19.335|0.068|
DATA=2455241.85915|19.632|0.075|
DATA=2455241.87182|19.798|0.078|
DATA=2455241.88453|19.939|0.079|
DATA=2455241.91669|19.241|0.065|
DATA=2455241.92826|19.180|0.058|
DATA=2455241.93991|19.340|0.064|
DATA=2455241.95153|19.642|0.084|
DATA=2455241.96326|19.663|0.088|
ENDDATA
STARTMETADATA
REVISEDDATA=FALSE
OBJECTNUMBER=63459
OBJECTNAME=2001 OT7
MPCDESIG=2001 OT7
SESSIONDATE=2010-02-15
SESSIONTIME=05:58:40
CONTACTNAME=A. Waszczak
CONTACTINFO=awaszczak@gmail.com
OBSERVERS=Waszczak, A. Chang, C.-K., 11 co-authors
OBSLONGITUDE=-116.8639
OBSLATITUDE=33.3558
OBJECTRA=10:06
OBJECTDEC=+04
PHASE=+2.42
PABL=+151.2
PABB=-5.8
FILTER=R
MAGBAND=R
CICORRECTION=FALSE
CIBAND=NONE
CITARGET=0.000
DIFFERMAGS=FALSE
MAGADJUST=0.0
STANDARD=INTERNAL
LTCAPP=NONE
LTCDAYS=0.0
LTCTYPE=NONE
REDUCEDMAGS=NONE
UCORMAG=0.0
PUBLICATION=(2016) Astron. J. 150, A75
BIBCODE=2016AJ....150...75W
COMMENT=Earth/Sun distances (AU): 2.5862/3.5655
DELIMITER=PIPE
ENDMETADATA
DATA=2455242.66896|19.462|0.088|
DATA=2455242.68115|19.689|0.077|
DATA=2455242.69479|19.673|0.068|
DATA=2455242.70678|19.409|0.065|
DATA=2455242.71879|19.329|0.050|
DATA=2455242.73083|19.086|0.043|
DATA=2455242.74292|19.296|0.049|
DATA=2455242.75510|19.391|0.053|
DATA=2455242.76729|19.682|0.057|
DATA=2455242.77950|19.793|0.061|
DATA=2455242.79179|19.746|0.058|
DATA=2455242.80408|19.495|0.054|
DATA=2455242.81641|19.277|0.042|
DATA=2455242.82880|19.324|0.045|
ENDDATA
