STARTMETADATA
REVISEDDATA=FALSE
OBJECTNUMBER=63195
OBJECTNAME=2000 YN120
MPCDESIG=2000 YN120
SESSIONDATE=2011-12-07
SESSIONTIME=08:02:54
CONTACTNAME=A. Waszczak
CONTACTINFO=awaszczak@gmail.com
OBSERVERS=Waszczak, A. Chang, C.-K., 11 co-authors
OBSLONGITUDE=-116.8639
OBSLATITUDE=33.3558
OBJECTRA=06:52
OBJECTDEC=+40
PHASE=+5.79
PABL=+97.8
PABB=+16.4
FILTER=R
MAGBAND=R
CICORRECTION=FALSE
CIBAND=NONE
CITARGET=0.000
DIFFERMAGS=FALSE
MAGADJUST=0.0
STANDARD=INTERNAL
LTCAPP=NONE
LTCDAYS=0.0
LTCTYPE=NONE
REDUCEDMAGS=NONE
UCORMAG=0.0
PUBLICATION=(2016) Astron. J. 150, A75
BIBCODE=2016AJ....150...75W
COMMENT=Earth/Sun distances (AU): 4.1542/5.0245
DELIMITER=PIPE
ENDMETADATA
DATA=2455902.66063|18.725|0.087|
DATA=2455902.67410|18.584|0.074|
DATA=2455902.68389|18.516|0.063|
DATA=2455902.69725|18.496|0.062|
DATA=2455902.70652|18.456|0.063|
DATA=2455902.71646|18.625|0.058|
DATA=2455902.72218|18.523|0.058|
DATA=2455902.72781|18.640|0.058|
DATA=2455902.74602|18.729|0.061|
DATA=2455902.76175|18.951|0.071|
DATA=2455902.77787|19.135|0.076|
DATA=2455902.79451|18.737|0.075|
DATA=2455902.81525|18.763|0.055|
DATA=2455902.83611|18.422|0.041|
DATA=2455902.84806|18.508|0.046|
DATA=2455902.85949|18.425|0.040|
DATA=2455902.87777|18.490|0.044|
DATA=2455902.88489|18.503|0.044|
DATA=2455902.89338|18.529|0.043|
DATA=2455902.90320|18.858|0.054|
DATA=2455902.91047|18.955|0.066|
DATA=2455902.91775|18.998|0.061|
DATA=2455902.93744|18.531|0.057|
DATA=2455903.03267|18.637|0.035|
DATA=2455903.05064|18.908|0.053|
DATA=2455903.05761|19.034|0.060|
DATA=2455903.06084|19.141|0.064|
ENDDATA
STARTMETADATA
REVISEDDATA=FALSE
OBJECTNUMBER=63195
OBJECTNAME=2000 YN120
MPCDESIG=2000 YN120
SESSIONDATE=2011-12-08
SESSIONTIME=07:09:01
CONTACTNAME=A. Waszczak
CONTACTINFO=awaszczak@gmail.com
OBSERVERS=Waszczak, A. Chang, C.-K., 11 co-authors
OBSLONGITUDE=-116.8639
OBSLATITUDE=33.3558
OBJECTRA=06:51
OBJECTDEC=+40
PHASE=+5.64
PABL=+97.8
PABB=+16.4
FILTER=R
MAGBAND=R
CICORRECTION=FALSE
CIBAND=NONE
CITARGET=0.000
DIFFERMAGS=FALSE
MAGADJUST=0.0
STANDARD=INTERNAL
LTCAPP=NONE
LTCDAYS=0.0
LTCTYPE=NONE
REDUCEDMAGS=NONE
UCORMAG=0.0
PUBLICATION=(2016) Astron. J. 150, A75
BIBCODE=2016AJ....150...75W
COMMENT=Earth/Sun distances (AU): 4.1478/5.0243
DELIMITER=PIPE
ENDMETADATA
DATA=2455903.67582|18.984|0.094|
DATA=2455903.68049|18.693|0.084|
DATA=2455903.68758|18.691|0.079|
DATA=2455903.68990|18.931|0.085|
DATA=2455903.69225|18.831|0.079|
DATA=2455903.69453|18.526|0.068|
DATA=2455903.69689|18.665|0.073|
DATA=2455903.70133|18.548|0.069|
DATA=2455903.71053|18.474|0.061|
DATA=2455903.71298|18.638|0.058|
DATA=2455903.71533|18.414|0.053|
DATA=2455903.71766|18.512|0.059|
DATA=2455903.72248|18.347|0.053|
DATA=2455903.72486|18.500|0.059|
DATA=2455903.72727|18.418|0.051|
DATA=2455903.72964|18.368|0.052|
DATA=2455903.73204|18.416|0.051|
DATA=2455903.74259|18.422|0.053|
DATA=2455903.74589|18.414|0.052|
DATA=2455903.74825|18.394|0.052|
DATA=2455903.77425|18.732|0.065|
DATA=2455903.77654|18.679|0.067|
DATA=2455903.77886|18.905|0.086|
DATA=2455903.78123|18.856|0.083|
DATA=2455903.78356|18.710|0.071|
DATA=2455903.78591|19.046|0.095|
DATA=2455903.78820|18.814|0.081|
DATA=2455903.79053|19.002|0.089|
DATA=2455903.81453|18.924|0.085|
DATA=2455903.81696|18.969|0.074|
DATA=2455903.81929|18.868|0.081|
DATA=2455903.82164|18.955|0.076|
DATA=2455903.82400|18.849|0.062|
DATA=2455903.82876|18.714|0.056|
DATA=2455903.83335|18.696|0.063|
DATA=2455903.83975|18.635|0.071|
DATA=2455903.84325|18.577|0.054|
DATA=2455903.84550|18.676|0.051|
DATA=2455903.84805|18.549|0.051|
DATA=2455903.85399|18.558|0.048|
DATA=2455903.86534|18.503|0.049|
DATA=2455903.88314|18.544|0.089|
DATA=2455903.90199|18.570|0.085|
DATA=2455903.97817|18.751|0.075|
DATA=2455904.00693|18.507|0.063|
DATA=2455904.04207|18.328|0.039|
DATA=2455904.05848|18.587|0.037|
DATA=2455904.06828|18.750|0.049|
ENDDATA
