STARTMETADATA
REVISEDDATA=FALSE
OBJECTNUMBER=65597
OBJECTNAME=3047 T-3
MPCDESIG=3047 T-3
SESSIONDATE=2015-10-01
SESSIONTIME=07:52:00
CONTACTNAME=B. D. Warner
CONTACTINFO=B. D. Warner, 446 Sycamore Ave., Eaton, CO, USA [brian@MinorPlanetObserver.com]
OBSERVERS=Warner, B. D.
OBSLONGITUDE=-116.384861
OBSLATITUDE=+34.272500
OBJECTRA=00:45
OBJECTDEC=-02
PHASE=+3.31
PABL=+9.1
PABB=-5.1
FILTER=C
MAGBAND=V
CICORRECTION=FALSE
CIBAND=NONE
CITARGET=+0.000
DIFFERMAGS=FALSE
MAGADJUST=0.0
STANDARD=INTERNAL
LTCAPP=AVERAGE
LTCDAYS=-0.006457
LTCTYPE=LIGHTTIME
REDUCEDMAGS=NONE
UCORMAG=-1.8709
PUBLICATION=
BIBCODE=
COMMENT=Heliocentric ecliptic longitude/latitude: +9.63/-6.71
COMMENT=Sun/Earth distances (AU): +2.1159/+1.1186
COMMENT=Observer Instrumentation: 0.35m f/9.1 SCT/STL-1001E
DELIMITER=PIPE
COMPNAME1=004525.78 -022130.9
COMPRA1=00:45:25.80
COMPDEC1=-02:21:31.6
COMPMAG1=+15.679
COMPCI1=+0.371
COMPNAME2=004523.21 -022540.3
COMPRA2=00:45:23.25
COMPDEC2=-02:25:40.8
COMPMAG2=+15.120
COMPCI2=+0.384
COMPNAME3=004542.00 -022841.3
COMPRA3=00:45:42.01
COMPDEC3=-02:28:41.4
COMPMAG3=+15.971
COMPCI3=+0.390
COMPNAME4=004508.41 -022739.2
COMPRA4=00:45:08.42
COMPDEC4=-02:27:39.6
COMPMAG4=+15.136
COMPCI4=+0.392
ENDMETADATA
DATA=2457296.686927|+17.493|+0.065|1.887
DATA=2457296.691584|+17.495|+0.065|1.826
DATA=2457296.696240|+17.512|+0.065|1.770
DATA=2457296.698569|+17.549|+0.069|1.744
DATA=2457296.710275|+17.450|+0.062|1.628
DATA=2457296.717130|+17.433|+0.059|1.571
DATA=2457296.719429|+17.476|+0.062|1.553
DATA=2457296.726717|+17.477|+0.062|1.502
DATA=2457296.729038|+17.468|+0.059|1.487
DATA=2457296.736015|+17.377|+0.056|1.446
DATA=2457296.738338|+17.402|+0.059|1.434
DATA=2457296.740658|+17.394|+0.056|1.422
DATA=2457296.742979|+17.405|+0.059|1.410
DATA=2457296.745306|+17.407|+0.056|1.399
DATA=2457296.747635|+17.364|+0.053|1.388
DATA=2457296.752311|+17.400|+0.056|1.368
DATA=2457296.754585|+17.326|+0.053|1.359
DATA=2457296.759142|+17.354|+0.053|1.342
DATA=2457296.764474|+17.364|+0.056|1.324
DATA=2457296.766789|+17.375|+0.056|1.317
DATA=2457296.769103|+17.350|+0.053|1.310
DATA=2457296.771419|+17.380|+0.053|1.304
DATA=2457296.776054|+17.381|+0.053|1.292
DATA=2457296.778373|+17.390|+0.056|1.286
DATA=2457296.780690|+17.370|+0.053|1.281
DATA=2457296.783012|+17.348|+0.053|1.277
DATA=2457296.785329|+17.336|+0.051|1.272
DATA=2457296.787648|+17.382|+0.053|1.268
DATA=2457296.792294|+17.358|+0.053|1.260
DATA=2457296.794618|+17.418|+0.056|1.257
DATA=2457296.796942|+17.441|+0.056|1.254
DATA=2457296.803394|+17.453|+0.059|1.247
DATA=2457296.805712|+17.393|+0.053|1.245
DATA=2457296.808032|+17.386|+0.053|1.244
DATA=2457296.810351|+17.416|+0.056|1.242
DATA=2457296.817317|+17.486|+0.059|1.240
DATA=2457296.819635|+17.427|+0.056|1.239
DATA=2457296.824268|+17.465|+0.059|1.240
DATA=2457296.841202|+17.442|+0.059|1.250
DATA=2457296.843519|+17.408|+0.059|1.252
DATA=2457296.871390|+17.386|+0.056|1.306
DATA=2457296.873721|+17.416|+0.056|1.312
DATA=2457296.880187|+17.356|+0.056|1.333
DATA=2457296.889481|+17.353|+0.056|1.367
DATA=2457296.891803|+17.370|+0.056|1.377
DATA=2457296.894133|+17.340|+0.056|1.387
DATA=2457296.896459|+17.340|+0.056|1.397
DATA=2457296.903406|+17.323|+0.056|1.432
DATA=2457296.907973|+17.313|+0.056|1.457
DATA=2457296.917917|+17.273|+0.054|1.519
DATA=2457296.922552|+17.271|+0.054|1.553
DATA=2457296.929552|+17.280|+0.056|1.608
DATA=2457296.940965|+17.363|+0.062|1.716
DATA=2457296.943253|+17.349|+0.062|1.741
DATA=2457296.945552|+17.404|+0.066|1.766
DATA=2457296.956920|+17.381|+0.066|1.912
ENDDATA
