STARTMETADATA
REVISEDDATA=FALSE
OBJECTNUMBER=8103
OBJECTNAME=Fermi
MPCDESIG=1994 BE
SESSIONDATE=2010-04-17
SESSIONTIME=08:04:41
CONTACTNAME=A. Waszczak
CONTACTINFO=awaszczak@gmail.com
OBSERVERS=Waszczak, A. Chang, C.-K., 11 co-authors
OBSLONGITUDE=-116.8639
OBSLATITUDE=33.3558
OBJECTRA=11:14
OBJECTDEC=+03
PHASE=+12.58
PABL=+174.2
PABB=-0.8
FILTER=R
MAGBAND=R
CICORRECTION=FALSE
CIBAND=NONE
CITARGET=0.000
DIFFERMAGS=FALSE
MAGADJUST=0.0
STANDARD=INTERNAL
LTCAPP=NONE
LTCDAYS=0.0
LTCTYPE=NONE
REDUCEDMAGS=NONE
UCORMAG=0.0
PUBLICATION=(2016) Astron. J. 150, A75
BIBCODE=2016AJ....150...75W
COMMENT=Earth/Sun distances (AU): 2.0656/2.9134
DELIMITER=PIPE
ENDMETADATA
DATA=2455303.68180|18.178|0.022|
DATA=2455303.70063|18.122|0.020|
DATA=2455303.71007|18.105|0.021|
DATA=2455303.71947|18.058|0.021|
DATA=2455303.72886|18.019|0.022|
DATA=2455303.73827|18.047|0.021|
DATA=2455303.74769|18.101|0.024|
DATA=2455303.75719|18.203|0.022|
DATA=2455303.76675|18.267|0.024|
DATA=2455303.77632|18.135|0.023|
DATA=2455303.79561|18.066|0.022|
DATA=2455303.80535|18.065|0.022|
DATA=2455303.81506|18.031|0.025|
DATA=2455303.82366|17.983|0.022|
DATA=2455303.82980|18.018|0.023|
DATA=2455303.84224|18.094|0.025|
DATA=2455303.84553|18.134|0.026|
DATA=2455303.84883|18.117|0.029|
DATA=2455303.85552|18.200|0.030|
DATA=2455303.85774|18.234|0.034|
DATA=2455303.85993|18.243|0.034|
DATA=2455303.86211|18.218|0.034|
DATA=2455303.86431|18.165|0.032|
DATA=2455303.86650|18.168|0.036|
DATA=2455303.86870|18.257|0.039|
DATA=2455303.87092|18.148|0.032|
DATA=2455303.87312|18.245|0.037|
DATA=2455303.87912|18.207|0.044|
DATA=2455303.88135|18.175|0.040|
DATA=2455303.88354|18.082|0.039|
DATA=2455303.88572|18.046|0.048|
DATA=2455303.88681|18.203|0.046|
DATA=2455303.88791|18.151|0.044|
DATA=2455303.88905|18.264|0.046|
DATA=2455303.89013|18.185|0.045|
DATA=2455303.89123|18.249|0.053|
DATA=2455303.89233|18.090|0.045|
DATA=2455303.89343|18.143|0.042|
DATA=2455303.89453|18.165|0.045|
DATA=2455303.89995|18.064|0.045|
DATA=2455303.90108|18.161|0.048|
DATA=2455303.90217|18.124|0.048|
DATA=2455303.90327|18.132|0.054|
ENDDATA
STARTMETADATA
REVISEDDATA=FALSE
OBJECTNUMBER=8103
OBJECTNAME=Fermi
MPCDESIG=1994 BE
SESSIONDATE=2010-04-16
SESSIONTIME=08:51:33
CONTACTNAME=A. Waszczak
CONTACTINFO=awaszczak@gmail.com
OBSERVERS=Waszczak, A. Chang, C.-K., 11 co-authors
OBSLONGITUDE=-116.8639
OBSLATITUDE=33.3558
OBJECTRA=11:14
OBJECTDEC=+03
PHASE=+12.28
PABL=+174.1
PABB=-0.8
FILTER=R
MAGBAND=R
CICORRECTION=FALSE
CIBAND=NONE
CITARGET=0.000
DIFFERMAGS=FALSE
MAGADJUST=0.0
STANDARD=INTERNAL
LTCAPP=NONE
LTCDAYS=0.0
LTCTYPE=NONE
REDUCEDMAGS=NONE
UCORMAG=0.0
PUBLICATION=(2016) Astron. J. 150, A75
BIBCODE=2016AJ....150...75W
COMMENT=Earth/Sun distances (AU): 2.0580/2.9138
DELIMITER=PIPE
ENDMETADATA
DATA=2455302.80696|18.109|0.017|
DATA=2455302.81630|18.062|0.017|
DATA=2455302.82568|18.037|0.017|
DATA=2455302.83165|18.049|0.017|
DATA=2455302.83625|18.032|0.017|
DATA=2455302.84091|18.000|0.018|
DATA=2455302.84550|18.056|0.017|
DATA=2455302.84894|17.977|0.017|
DATA=2455302.85239|18.033|0.017|
DATA=2455302.85584|18.025|0.018|
DATA=2455302.85932|18.047|0.019|
DATA=2455302.86161|18.058|0.019|
DATA=2455302.86393|18.017|0.019|
DATA=2455302.86623|18.072|0.019|
DATA=2455302.86852|18.057|0.019|
DATA=2455302.87085|18.090|0.020|
DATA=2455302.87319|18.154|0.020|
DATA=2455302.87549|18.141|0.020|
DATA=2455302.87781|18.178|0.023|
DATA=2455302.88141|18.196|0.022|
DATA=2455302.88373|18.266|0.023|
DATA=2455302.88606|18.248|0.024|
DATA=2455302.88837|18.209|0.023|
DATA=2455302.89078|18.172|0.023|
DATA=2455302.89320|18.190|0.024|
DATA=2455302.89554|18.203|0.025|
DATA=2455302.89795|18.133|0.025|
DATA=2455302.90029|18.201|0.026|
DATA=2455302.90267|18.158|0.026|
DATA=2455302.90385|18.163|0.025|
DATA=2455302.90502|18.190|0.027|
DATA=2455302.90619|18.085|0.025|
ENDDATA
