STARTMETADATA
REVISEDDATA=FALSE
OBJECTNUMBER=58288
OBJECTNAME=1994 CF14
MPCDESIG=1994 CF14
SESSIONDATE=2014-01-01
SESSIONTIME=09:12:02
CONTACTNAME=A. Waszczak
CONTACTINFO=awaszczak@gmail.com
OBSERVERS=Waszczak, A. Chang, C.-K., 11 co-authors
OBSLONGITUDE=-116.8639
OBSLATITUDE=33.3558
OBJECTRA=07:50
OBJECTDEC=+37
PHASE=+6.90
PABL=+110.4
PABB=+13.4
FILTER=SG
MAGBAND=SG
CICORRECTION=FALSE
CIBAND=NONE
CITARGET=0.000
DIFFERMAGS=FALSE
MAGADJUST=0.0
STANDARD=INTERNAL
LTCAPP=NONE
LTCDAYS=0.0
LTCTYPE=NONE
REDUCEDMAGS=NONE
UCORMAG=0.0
PUBLICATION=(2016) Astron. J. 150, A75
BIBCODE=2016AJ....150...75W
COMMENT=Earth/Sun distances (AU): 1.8515/2.7960
DELIMITER=PIPE
ENDMETADATA
DATA=2456658.66268|18.672|0.037|
DATA=2456658.67060|18.545|0.030|
DATA=2456658.70406|18.186|0.022|
DATA=2456658.71193|18.199|0.022|
DATA=2456658.72105|18.300|0.023|
DATA=2456658.72972|18.471|0.024|
DATA=2456658.74603|18.528|0.026|
DATA=2456658.75390|18.410|0.022|
DATA=2456658.76265|18.275|0.020|
DATA=2456658.76964|18.212|0.019|
DATA=2456658.77672|18.246|0.019|
DATA=2456658.78506|18.241|0.019|
DATA=2456658.79313|18.328|0.021|
DATA=2456658.80010|18.409|0.022|
DATA=2456658.80718|18.615|0.025|
DATA=2456658.81557|18.785|0.027|
DATA=2456658.82369|18.686|0.026|
DATA=2456658.83208|18.435|0.022|
DATA=2456658.84046|18.261|0.019|
DATA=2456658.84858|18.168|0.018|
DATA=2456658.85546|18.195|0.018|
DATA=2456658.86921|18.226|0.019|
DATA=2456658.87611|18.334|0.019|
DATA=2456658.88416|18.446|0.021|
DATA=2456658.89108|18.541|0.024|
DATA=2456658.89804|18.673|0.025|
DATA=2456658.90588|18.506|0.024|
DATA=2456658.92890|18.218|0.019|
DATA=2456658.93671|18.188|0.019|
DATA=2456658.94363|18.245|0.019|
DATA=2456658.95147|18.398|0.023|
DATA=2456658.96618|18.665|0.028|
DATA=2456658.97311|18.833|0.030|
DATA=2456658.98003|18.706|0.027|
DATA=2456658.98812|18.500|0.024|
DATA=2456658.99585|18.328|0.021|
DATA=2456659.00393|18.167|0.021|
DATA=2456659.01202|18.186|0.024|
DATA=2456659.02684|18.263|0.023|
DATA=2456659.03383|18.337|0.024|
DATA=2456659.04282|18.499|0.029|
DATA=2456659.04991|18.668|0.031|
DATA=2456659.05691|18.612|0.034|
DATA=2456659.06399|18.525|0.034|
DATA=2456659.06978|18.343|0.034|
DATA=2456659.07557|18.304|0.051|
ENDDATA
