STARTMETADATA
REVISEDDATA=FALSE
OBJECTNUMBER=77357
OBJECTNAME=2001 FW125
MPCDESIG=2001 FW125
SESSIONDATE=2015-01-23
SESSIONTIME=15:27:00
CONTACTNAME=J. Oey
CONTACTINFO=julianoey1@optusnet.com.au
OBSERVERS=julianoey1@optusnet.com.au
OBSLONGITUDE=+150.341667
OBSLATITUDE=-33.706667
OBJECTRA=08:25
OBJECTDEC=+10
PHASE=+3.56
PABL=+125.6
PABB=-6.9
FILTER=C
MAGBAND=R
CICORRECTION=FALSE
CIBAND=NONE
CITARGET=+0.000
DIFFERMAGS=FALSE
MAGADJUST=0.0
STANDARD=INTERNAL
LTCAPP=NONE
LTCDAYS=-0.008920
LTCTYPE=NONE
REDUCEDMAGS=NONE
UCORMAG=-2.9537
PUBLICATION=
BIBCODE=
COMMENT=Heliocentric ecliptic longitude/latitude: +126.20/-8.63
COMMENT=Earth/Sun distances (AU): +2.5219/+1.5453
COMMENT=PSABA
COMMENT=Observer Instrumentation: 0.61m f6.8 CDK/Apogee U42
DELIMITER=PIPE
COMPNAME1=082526.84 +101327.5
COMPRA1=08:25:26.85
COMPDEC1=+10:13:27.4
COMPMAG1=+14.686
COMPCI1=+0.420
COMPNAME2=082520.65 +100417.3
COMPRA2=08:25:20.66
COMPDEC2=+10:04:17.3
COMPMAG2=+14.877
COMPCI2=+0.432
COMPNAME3=082509.65 +101818.5
COMPRA3=08:25:09.65
COMPDEC3=+10:18:18.4
COMPMAG3=+15.380
COMPCI3=+0.393
ENDMETADATA
DATA=2457046.057809|+18.929|+0.049|
DATA=2457046.065261|+18.922|+0.047|
DATA=2457046.068983|+18.927|+0.047|
DATA=2457046.077726|+18.819|+0.043|
DATA=2457046.081420|+18.723|+0.040|
DATA=2457046.085102|+18.826|+0.045|
DATA=2457046.092459|+18.751|+0.042|
DATA=2457046.096137|+18.888|+0.049|
DATA=2457046.105087|+18.828|+0.045|
DATA=2457046.108816|+18.798|+0.043|
DATA=2457046.112550|+18.749|+0.042|
DATA=2457046.116284|+18.713|+0.042|
DATA=2457046.123756|+18.746|+0.045|
DATA=2457046.132848|+18.735|+0.045|
DATA=2457046.136622|+18.881|+0.052|
DATA=2457046.140400|+18.878|+0.052|
DATA=2457046.144213|+18.938|+0.054|
DATA=2457046.147994|+18.854|+0.049|
DATA=2457046.151768|+18.896|+0.052|
DATA=2457046.200680|+18.803|+0.060|
DATA=2457046.204744|+18.887|+0.060|
DATA=2457046.208919|+18.912|+0.064|
DATA=2457046.212979|+18.950|+0.072|
DATA=2457046.217042|+18.878|+0.068|
DATA=2457046.221102|+18.715|+0.060|
ENDDATA
