STARTMETADATA
REVISEDDATA=FALSE
OBJECTNUMBER=2604
OBJECTNAME=Marshak
MPCDESIG=1972 LD1
SESSIONDATE=2016-04-04
SESSIONTIME=02:03:00
CONTACTNAME=V. Benishek
CONTACTINFO=vlaben@yahoo.com
OBSERVERS=V. Benishek
OBSLONGITUDE=+20.545750
OBSLATITUDE=+44.530250
OBJECTRA=13:39
OBJECTDEC=+18
PHASE=+12.92
PABL=+195.2
PABB=+20.6
FILTER=C
MAGBAND=V
CICORRECTION=FALSE
CIBAND=NONE
CITARGET=+0.000
DIFFERMAGS=FALSE
MAGADJUST=0.0
STANDARD=INTERNAL
LTCAPP=NONE
LTCDAYS=-0.006309
LTCTYPE=NONE
REDUCEDMAGS=NONE
UCORMAG=-1.7364
PUBLICATION=
BIBCODE=
COMMENT=Heliocentric ecliptic longitude/latitude: +195.39/+27.06
COMMENT=Earth/Sun distances (AU): +2.0353/+1.0931
COMMENT=Observer Instrumentation: Meade LX200 GPS 14"/SBIG ST-8XME
DELIMITER=PIPE
COMPNAME1=133925.11 +185440.4
COMPRA1=13:39:25.09
COMPDEC1=+18:54:40.6
COMPMAG1=+14.601
COMPCI1=+0.151
COMPNAME2=133936.06 +185032.7
COMPRA2=13:39:36.02
COMPDEC2=+18:50:33.1
COMPMAG2=+13.284
COMPCI2=+0.282
COMPNAME3=133950.31 +185638.3
COMPRA3=13:39:50.28
COMPDEC3=+18:56:38.6
COMPMAG3=+14.423
COMPCI3=+0.405
ENDMETADATA
DATA=2457482.543993|+15.367|+0.008|
DATA=2457482.546817|+15.363|+0.007|
DATA=2457482.549653|+15.387|+0.009|
DATA=2457482.552477|+15.371|+0.008|
DATA=2457482.555312|+15.372|+0.009|
DATA=2457482.558148|+15.366|+0.007|
DATA=2457482.560972|+15.340|+0.007|
DATA=2457482.563808|+15.343|+0.008|
DATA=2457482.566643|+15.324|+0.007|
DATA=2457482.569468|+15.331|+0.008|
DATA=2457482.572292|+15.337|+0.009|
DATA=2457482.575127|+15.348|+0.013|
DATA=2457482.577951|+15.368|+0.008|
DATA=2457482.580775|+15.360|+0.012|
DATA=2457482.587303|+15.369|+0.008|
DATA=2457482.590139|+15.378|+0.009|
DATA=2457482.592963|+15.344|+0.011|
DATA=2457482.595799|+15.349|+0.011|
DATA=2457482.598623|+15.348|+0.011|
DATA=2457482.601447|+15.330|+0.010|
DATA=2457482.604282|+15.338|+0.009|
DATA=2457482.607107|+15.359|+0.008|
DATA=2457482.609942|+15.382|+0.009|
DATA=2457482.612766|+15.389|+0.009|
DATA=2457482.615602|+15.365|+0.008|
DATA=2457482.618426|+15.384|+0.009|
DATA=2457482.626910|+15.378|+0.017|
ENDDATA
