STARTMETADATA
REVISEDDATA=FALSE
OBJECTNUMBER=34426
OBJECTNAME=2000 SS22
MPCDESIG=2000 SS22
SESSIONDATE=2013-02-18
SESSIONTIME=05:54:30
CONTACTNAME=A. Waszczak
CONTACTINFO=awaszczak@gmail.com
OBSERVERS=Waszczak, A. Chang, C.-K., 11 co-authors
OBSLONGITUDE=-116.8639
OBSLATITUDE=33.3558
OBJECTRA=06:04
OBJECTDEC=+22
PHASE=+17.82
PABL=+100.0
PABB=-0.6
FILTER=R
MAGBAND=R
CICORRECTION=FALSE
CIBAND=NONE
CITARGET=0.000
DIFFERMAGS=FALSE
MAGADJUST=0.0
STANDARD=INTERNAL
LTCAPP=NONE
LTCDAYS=0.0
LTCTYPE=NONE
REDUCEDMAGS=NONE
UCORMAG=0.0
PUBLICATION=(2016) Astron. J. 150, A75
BIBCODE=2016AJ....150...75W
COMMENT=Earth/Sun distances (AU): 2.1019/2.7514
DELIMITER=PIPE
ENDMETADATA
DATA=2456341.62343|18.931|0.050|
DATA=2456341.63903|19.169|0.056|
DATA=2456341.65417|19.449|0.065|
DATA=2456341.66950|19.596|0.071|
DATA=2456341.68473|19.464|0.065|
DATA=2456341.69861|18.744|0.059|
DATA=2456341.79083|19.654|0.085|
DATA=2456341.80436|19.489|0.077|
DATA=2456341.81945|19.122|0.066|
DATA=2456341.83303|19.077|0.058|
DATA=2456341.86172|18.707|0.052|
DATA=2456341.87532|18.926|0.049|
ENDDATA
STARTMETADATA
REVISEDDATA=FALSE
OBJECTNUMBER=34426
OBJECTNAME=2000 SS22
MPCDESIG=2000 SS22
SESSIONDATE=2013-02-17
SESSIONTIME=06:55:46
CONTACTNAME=A. Waszczak
CONTACTINFO=awaszczak@gmail.com
OBSERVERS=Waszczak, A. Chang, C.-K., 11 co-authors
OBSLONGITUDE=-116.8639
OBSLATITUDE=33.3558
OBJECTRA=06:04
OBJECTDEC=+22
PHASE=+17.63
PABL=+99.9
PABB=-0.6
FILTER=R
MAGBAND=R
CICORRECTION=FALSE
CIBAND=NONE
CITARGET=0.000
DIFFERMAGS=FALSE
MAGADJUST=0.0
STANDARD=INTERNAL
LTCAPP=NONE
LTCDAYS=0.0
LTCTYPE=NONE
REDUCEDMAGS=NONE
UCORMAG=0.0
PUBLICATION=(2016) Astron. J. 150, A75
BIBCODE=2016AJ....150...75W
COMMENT=Earth/Sun distances (AU): 2.0913/2.7516
DELIMITER=PIPE
ENDMETADATA
DATA=2456340.70688|19.210|0.055|
DATA=2456340.72197|19.464|0.061|
DATA=2456340.73854|19.309|0.057|
DATA=2456340.75365|19.083|0.048|
DATA=2456340.80007|18.701|0.036|
DATA=2456340.84710|19.271|0.053|
DATA=2456340.86280|19.385|0.059|
DATA=2456340.87885|19.380|0.078|
ENDDATA
STARTMETADATA
REVISEDDATA=FALSE
OBJECTNUMBER=34426
OBJECTNAME=2000 SS22
MPCDESIG=2000 SS22
SESSIONDATE=2013-02-16
SESSIONTIME=04:26:52
CONTACTNAME=A. Waszczak
CONTACTINFO=awaszczak@gmail.com
OBSERVERS=Waszczak, A. Chang, C.-K., 11 co-authors
OBSLONGITUDE=-116.8639
OBSLATITUDE=33.3558
OBJECTRA=06:04
OBJECTDEC=+22
PHASE=+17.40
PABL=+99.8
PABB=-0.6
FILTER=R
MAGBAND=R
CICORRECTION=FALSE
CIBAND=NONE
CITARGET=0.000
DIFFERMAGS=FALSE
MAGADJUST=0.0
STANDARD=INTERNAL
LTCAPP=NONE
LTCDAYS=0.0
LTCTYPE=NONE
REDUCEDMAGS=NONE
UCORMAG=0.0
PUBLICATION=(2016) Astron. J. 150, A75
BIBCODE=2016AJ....150...75W
COMMENT=Earth/Sun distances (AU): 2.0791/2.7518
DELIMITER=PIPE
ENDMETADATA
DATA=2456339.62516|18.871|0.056|
DATA=2456339.63986|18.943|0.057|
DATA=2456339.65547|19.197|0.070|
DATA=2456339.67189|19.163|0.063|
DATA=2456339.68783|18.923|0.075|
DATA=2456339.83176|19.085|0.090|
ENDDATA
STARTMETADATA
REVISEDDATA=FALSE
OBJECTNUMBER=34426
OBJECTNAME=2000 SS22
MPCDESIG=2000 SS22
SESSIONDATE=2013-02-15
SESSIONTIME=03:34:44
CONTACTNAME=A. Waszczak
CONTACTINFO=awaszczak@gmail.com
OBSERVERS=Waszczak, A. Chang, C.-K., 11 co-authors
OBSLONGITUDE=-116.8639
OBSLATITUDE=33.3558
OBJECTRA=06:04
OBJECTDEC=+22
PHASE=+17.18
PABL=+99.7
PABB=-0.6
FILTER=R
MAGBAND=R
CICORRECTION=FALSE
CIBAND=NONE
CITARGET=0.000
DIFFERMAGS=FALSE
MAGADJUST=0.0
STANDARD=INTERNAL
LTCAPP=NONE
LTCDAYS=0.0
LTCTYPE=NONE
REDUCEDMAGS=NONE
UCORMAG=0.0
PUBLICATION=(2016) Astron. J. 150, A75
BIBCODE=2016AJ....150...75W
COMMENT=Earth/Sun distances (AU): 2.0678/2.7519
DELIMITER=PIPE
ENDMETADATA
DATA=2456338.60985|19.373|0.074|
DATA=2456338.62557|19.299|0.091|
DATA=2456338.64086|18.710|0.067|
DATA=2456338.65728|18.999|0.075|
DATA=2456338.67274|18.701|0.074|
DATA=2456338.68845|18.940|0.076|
ENDDATA
