STARTMETADATA
REVISEDDATA=FALSE
OBJECTNUMBER=26857
OBJECTNAME=1993 DN1
MPCDESIG=1993 DN1
SESSIONDATE=2015-04-24
SESSIONTIME=13:15:00
CONTACTNAME=J. Oey
CONTACTINFO=julianoey1@optusnet.com.au
OBSERVERS=julianoey1@optusnet.com.au
OBSLONGITUDE=+150.341667
OBSLATITUDE=-33.706667
OBJECTRA=14:22
OBJECTDEC=-03
PHASE=+5.58
PABL=+214.4
PABB=+7.5
FILTER=C
MAGBAND=R
CICORRECTION=FALSE
CIBAND=NONE
CITARGET=+0.000
DIFFERMAGS=FALSE
MAGADJUST=0.0
STANDARD=INTERNAL
LTCAPP=NONE
LTCDAYS=-0.004924
LTCTYPE=NONE
REDUCEDMAGS=NONE
UCORMAG=-0.9926
PUBLICATION=
BIBCODE=
COMMENT=Heliocentric ecliptic longitude/latitude: +214.56/+10.29
COMMENT=Earth/Sun distances (AU): +1.8514/+0.8532
COMMENT=PSABA
COMMENT=Observer Instrumentation: 0.61m f6.8 CDK/Apogee U42
DELIMITER=PIPE
COMPNAME1=142254.31 -031617.7
COMPRA1=14:22:54.32
COMPDEC1=-03:16:17.9
COMPMAG1=+14.923
COMPCI1=+0.344
COMPNAME2=142258.88 -031623.3
COMPRA2=14:22:58.87
COMPDEC2=-03:16:23.3
COMPMAG2=+15.009
COMPCI2=+0.459
ENDMETADATA
DATA=2457136.997365|+16.052|+0.009|
DATA=2457136.999022|+16.047|+0.008|
DATA=2457137.024265|+16.095|+0.008|
DATA=2457137.025845|+16.127|+0.008|
DATA=2457137.051172|+16.137|+0.013|
DATA=2457137.052753|+16.135|+0.022|
DATA=2457137.078157|+16.189|+0.010|
DATA=2457137.079738|+16.161|+0.011|
DATA=2457137.105038|+16.029|+0.007|
DATA=2457137.106618|+16.058|+0.007|
ENDDATA
