STARTMETADATA
REVISEDDATA=FALSE
OBJECTNUMBER=12136
OBJECTNAME=Martinryle
MPCDESIG=3045 P-L
SESSIONDATE=2010-02-15
SESSIONTIME=10:09:13
CONTACTNAME=A. Waszczak
CONTACTINFO=awaszczak@gmail.com
OBSERVERS=Waszczak, A. Chang, C.-K., 11 co-authors
OBSLONGITUDE=-116.8639
OBSLATITUDE=33.3558
OBJECTRA=10:50
OBJECTDEC=+05
PHASE=+5.00
PABL=+159.3
PABB=-1.2
FILTER=R
MAGBAND=R
CICORRECTION=FALSE
CIBAND=NONE
CITARGET=0.000
DIFFERMAGS=FALSE
MAGADJUST=0.0
STANDARD=INTERNAL
LTCAPP=NONE
LTCDAYS=0.0
LTCTYPE=NONE
REDUCEDMAGS=NONE
UCORMAG=0.0
PUBLICATION=(2016) Astron. J. 150, A75
BIBCODE=2016AJ....150...75W
COMMENT=Earth/Sun distances (AU): 2.0419/3.0057
DELIMITER=PIPE
ENDMETADATA
DATA=2455242.68966|17.809|0.020|
DATA=2455242.70165|17.609|0.017|
DATA=2455242.71363|17.613|0.015|
DATA=2455242.72567|17.586|0.015|
DATA=2455242.73774|17.644|0.015|
DATA=2455242.74989|17.770|0.015|
DATA=2455242.76207|17.863|0.016|
DATA=2455242.77426|17.901|0.016|
DATA=2455242.78652|17.931|0.016|
DATA=2455242.79880|17.899|0.015|
DATA=2455242.81113|17.869|0.015|
DATA=2455242.82349|17.828|0.014|
DATA=2455242.83589|17.733|0.014|
DATA=2455242.84831|17.623|0.012|
DATA=2455242.86079|17.572|0.012|
DATA=2455242.87331|17.594|0.012|
DATA=2455242.88591|17.648|0.014|
DATA=2455242.89849|17.701|0.014|
DATA=2455242.91113|17.817|0.016|
DATA=2455242.92379|17.893|0.017|
DATA=2455242.95883|17.874|0.016|
DATA=2455242.97050|17.840|0.016|
DATA=2455242.98217|17.755|0.016|
DATA=2455242.99395|17.641|0.015|
DATA=2455243.00427|17.557|0.016|
DATA=2455243.00927|17.609|0.017|
DATA=2455243.01260|17.602|0.016|
DATA=2455243.01593|17.611|0.017|
DATA=2455243.01928|17.572|0.017|
DATA=2455243.02263|17.650|0.018|
DATA=2455243.02430|17.650|0.019|
DATA=2455243.02598|17.645|0.018|
DATA=2455243.02766|17.628|0.018|
DATA=2455243.02934|17.636|0.019|
DATA=2455243.03101|17.664|0.019|
DATA=2455243.03270|17.691|0.020|
DATA=2455243.03438|17.682|0.019|
DATA=2455243.03606|17.682|0.020|
DATA=2455243.03775|17.727|0.021|
DATA=2455243.03944|17.728|0.021|
DATA=2455243.04114|17.745|0.022|
DATA=2455243.04961|17.800|0.024|
DATA=2455243.05130|17.817|0.025|
DATA=2455243.05299|17.824|0.025|
ENDDATA
