STARTMETADATA
REVISEDDATA=FALSE
OBJECTNUMBER=233051
OBJECTNAME=2005 GP77
MPCDESIG=2005 GP77
SESSIONDATE=2010-02-15
SESSIONTIME=10:23:54
CONTACTNAME=A. Waszczak
CONTACTINFO=awaszczak@gmail.com
OBSERVERS=Waszczak, A. Chang, C.-K., 11 co-authors
OBSLONGITUDE=-116.8639
OBSLATITUDE=33.3558
OBJECTRA=10:51
OBJECTDEC=+06
PHASE=+5.59
PABL=+158.9
PABB=-0.7
FILTER=R
MAGBAND=R
CICORRECTION=FALSE
CIBAND=NONE
CITARGET=0.000
DIFFERMAGS=FALSE
MAGADJUST=0.0
STANDARD=INTERNAL
LTCAPP=NONE
LTCDAYS=0.0
LTCTYPE=NONE
REDUCEDMAGS=NONE
UCORMAG=0.0
PUBLICATION=(2016) Astron. J. 150, A75
BIBCODE=2016AJ....150...75W
COMMENT=Earth/Sun distances (AU): 1.7032/2.6689
DELIMITER=PIPE
ENDMETADATA
DATA=2455242.68965|18.865|0.040|
DATA=2455242.70164|18.864|0.040|
DATA=2455242.71362|18.961|0.040|
DATA=2455242.72566|19.288|0.046|
DATA=2455242.73773|19.560|0.054|
DATA=2455242.74988|19.464|0.048|
DATA=2455242.76206|19.177|0.040|
DATA=2455242.77425|18.983|0.034|
DATA=2455242.78652|18.809|0.029|
DATA=2455242.79880|18.813|0.028|
DATA=2455242.81113|18.856|0.029|
DATA=2455242.82349|18.788|0.026|
DATA=2455242.83590|18.894|0.029|
DATA=2455242.84832|19.050|0.031|
DATA=2455242.86080|19.334|0.039|
DATA=2455242.87332|19.537|0.048|
DATA=2455242.88592|19.510|0.051|
DATA=2455242.89850|19.184|0.038|
DATA=2455242.91114|18.970|0.033|
DATA=2455242.92380|18.866|0.029|
DATA=2455242.95884|18.823|0.031|
DATA=2455242.97051|18.967|0.034|
DATA=2455242.98218|19.058|0.039|
DATA=2455242.99396|19.226|0.044|
DATA=2455243.00428|19.516|0.058|
DATA=2455243.00928|19.483|0.075|
DATA=2455243.01261|19.687|0.069|
DATA=2455243.01594|19.632|0.073|
DATA=2455243.01928|19.497|0.065|
DATA=2455243.02263|19.408|0.064|
DATA=2455243.02430|19.373|0.068|
DATA=2455243.02598|19.411|0.061|
DATA=2455243.02766|19.330|0.060|
DATA=2455243.02934|19.272|0.063|
DATA=2455243.03101|19.317|0.072|
DATA=2455243.03270|19.266|0.062|
DATA=2455243.03438|19.241|0.063|
DATA=2455243.03606|18.998|0.049|
DATA=2455243.03775|19.198|0.055|
DATA=2455243.03944|19.121|0.055|
DATA=2455243.04113|19.136|0.055|
DATA=2455243.04281|19.091|0.057|
DATA=2455243.04450|19.049|0.049|
DATA=2455243.04622|19.135|0.055|
DATA=2455243.04791|19.130|0.054|
DATA=2455243.04960|18.953|0.053|
DATA=2455243.05129|19.038|0.054|
DATA=2455243.05298|19.003|0.057|
ENDDATA
