STARTMETADATA
REVISEDDATA=FALSE
OBJECTNUMBER=280781
OBJECTNAME=2005 SO129
MPCDESIG=2005 SO129
SESSIONDATE=2014-02-23
SESSIONTIME=06:46:07
CONTACTNAME=A. Waszczak
CONTACTINFO=awaszczak@gmail.com
OBSERVERS=Waszczak, A. Chang, C.-K., 11 co-authors
OBSLONGITUDE=-116.8639
OBSLATITUDE=33.3558
OBJECTRA=09:30
OBJECTDEC=+09
PHASE=+5.80
PABL=+144.7
PABB=-4.2
FILTER=R
MAGBAND=R
CICORRECTION=FALSE
CIBAND=NONE
CITARGET=0.000
DIFFERMAGS=FALSE
MAGADJUST=0.0
STANDARD=INTERNAL
LTCAPP=NONE
LTCDAYS=0.0
LTCTYPE=NONE
REDUCEDMAGS=NONE
UCORMAG=0.0
PUBLICATION=(2016) Astron. J. 150, A75
BIBCODE=2016AJ....150...75W
COMMENT=Earth/Sun distances (AU): 1.2923/2.2664
DELIMITER=PIPE
ENDMETADATA
DATA=2456711.65899|19.691|0.079|
DATA=2456711.67361|19.617|0.075|
DATA=2456711.69241|19.380|0.057|
DATA=2456711.70757|19.585|0.064|
DATA=2456711.72365|19.816|0.099|
DATA=2456711.75568|19.865|0.074|
DATA=2456711.77113|19.533|0.060|
DATA=2456711.78677|19.503|0.060|
DATA=2456711.80164|19.604|0.073|
DATA=2456711.83257|20.032|0.074|
DATA=2456711.86320|19.869|0.075|
DATA=2456711.87856|19.561|0.059|
DATA=2456711.89350|19.461|0.059|
DATA=2456711.90917|19.132|0.057|
ENDDATA
STARTMETADATA
REVISEDDATA=FALSE
OBJECTNUMBER=280781
OBJECTNAME=2005 SO129
MPCDESIG=2005 SO129
SESSIONDATE=2014-02-22
SESSIONTIME=07:05:43
CONTACTNAME=A. Waszczak
CONTACTINFO=awaszczak@gmail.com
OBSERVERS=Waszczak, A. Chang, C.-K., 11 co-authors
OBSLONGITUDE=-116.8639
OBSLATITUDE=33.3558
OBJECTRA=09:31
OBJECTDEC=+08
PHASE=+5.34
PABL=+144.7
PABB=-4.2
FILTER=R
MAGBAND=R
CICORRECTION=FALSE
CIBAND=NONE
CITARGET=0.000
DIFFERMAGS=FALSE
MAGADJUST=0.0
STANDARD=INTERNAL
LTCAPP=NONE
LTCDAYS=0.0
LTCTYPE=NONE
REDUCEDMAGS=NONE
UCORMAG=0.0
PUBLICATION=(2016) Astron. J. 150, A75
BIBCODE=2016AJ....150...75W
COMMENT=Earth/Sun distances (AU): 1.2881/2.2645
DELIMITER=PIPE
ENDMETADATA
DATA=2456710.63648|19.451|0.070|
DATA=2456710.65172|19.663|0.076|
DATA=2456710.69995|19.900|0.082|
DATA=2456710.71569|19.332|0.061|
DATA=2456710.73139|19.348|0.055|
DATA=2456710.74714|19.499|0.062|
DATA=2456710.76553|19.668|0.076|
DATA=2456710.79637|20.060|0.089|
DATA=2456710.81172|19.800|0.076|
DATA=2456710.82711|19.458|0.064|
DATA=2456710.84303|19.419|0.062|
DATA=2456710.85860|19.742|0.073|
DATA=2456710.93548|19.636|0.083|
DATA=2456710.94938|19.473|0.097|
DATA=2456710.96511|19.597|0.092|
ENDDATA
