STARTMETADATA
REVISEDDATA=FALSE
OBJECTNUMBER=56436
OBJECTNAME=2000 GZ46
MPCDESIG=2000 GZ46
SESSIONDATE=2014-07-26
SESSIONTIME=14:59:00
CONTACTNAME=J. Oey
CONTACTINFO=julianoey1@optusnet.com.au
OBSERVERS=julianoey1@optusnet.com.au
OBSLONGITUDE=+150.341667
OBSLATITUDE=-33.706667
OBJECTRA=20:33
OBJECTDEC=-07
PHASE=+6.99
PABL=+307.4
PABB=+8.2
FILTER=C
MAGBAND=R
CICORRECTION=FALSE
CIBAND=NONE
CITARGET=+0.000
DIFFERMAGS=FALSE
MAGADJUST=0.0
STANDARD=INTERNAL
LTCAPP=NONE
LTCDAYS=-0.004706
LTCTYPE=NONE
REDUCEDMAGS=NONE
UCORMAG=-0.8567
PUBLICATION=
BIBCODE=
COMMENT=Heliocentric ecliptic longitude/latitude: +308.95/+11.30
COMMENT=Earth/Sun distances (AU): +1.8200/+0.8152
COMMENT=PSABA
COMMENT=Observer Instrumentation: 0.61m f6.8 CDK/U16M
DELIMITER=PIPE
COMPNAME1=203337.44 -070721.6
COMPRA1=20:33:37.42
COMPDEC1=-07:07:21.6
COMPMAG1=+14.988
COMPCI1=+0.336
COMPNAME3=203332.10 -070535.5
COMPRA3=20:33:32.09
COMPDEC3=-07:05:35.5
COMPMAG3=+15.063
COMPCI3=+0.407
COMPNAME4=203327.52 -070925.2
COMPRA4=20:33:27.52
COMPDEC4=-07:09:25.3
COMPMAG4=+14.552
COMPCI4=+0.444
ENDMETADATA
DATA=2456864.979884|+16.086|+0.011|
DATA=2456864.983542|+16.088|+0.010|
DATA=2456864.999919|+16.080|+0.010|
DATA=2456865.003576|+16.054|+0.010|
DATA=2456865.016169|+16.008|+0.009|
DATA=2456865.019815|+16.043|+0.009|
DATA=2456865.023472|+16.041|+0.009|
DATA=2456865.036053|+16.092|+0.009|
DATA=2456865.039768|+16.096|+0.009|
DATA=2456865.043426|+16.138|+0.009|
DATA=2456865.091007|+16.037|+0.008|
DATA=2456865.117396|+16.041|+0.009|
DATA=2456865.121065|+16.017|+0.009|
DATA=2456865.124734|+16.075|+0.009|
DATA=2456865.140833|+16.093|+0.010|
DATA=2456865.144502|+16.092|+0.009|
DATA=2456865.148160|+16.096|+0.009|
DATA=2456865.164433|+16.089|+0.010|
DATA=2456865.168102|+16.044|+0.009|
DATA=2456865.171771|+16.015|+0.009|
DATA=2456865.191643|+16.048|+0.010|
DATA=2456865.195301|+16.039|+0.010|
DATA=2456865.211400|+16.167|+0.011|
DATA=2456865.242164|+16.050|+0.012|
DATA=2456865.285463|+16.018|+0.020|
ENDDATA
STARTMETADATA
REVISEDDATA=FALSE
OBJECTNUMBER=56436
OBJECTNAME=2000 GZ46
MPCDESIG=2000 GZ46
SESSIONDATE=2014-07-27
SESSIONTIME=12:31:00
CONTACTNAME=J. Oey
CONTACTINFO=julianoey1@optusnet.com.au
OBSERVERS=julianoey1@optusnet.com.au
OBSLONGITUDE=+150.341667
OBSLATITUDE=-33.706667
OBJECTRA=20:32
OBJECTDEC=-07
PHASE=+6.76
PABL=+307.5
PABB=+8.2
FILTER=C
MAGBAND=R
CICORRECTION=FALSE
CIBAND=NONE
CITARGET=+0.000
DIFFERMAGS=FALSE
MAGADJUST=0.0
STANDARD=INTERNAL
LTCAPP=NONE
LTCDAYS=-0.004695
LTCTYPE=NONE
REDUCEDMAGS=NONE
UCORMAG=-0.8506
PUBLICATION=
BIBCODE=
COMMENT=Heliocentric ecliptic longitude/latitude: +308.76/+11.31
COMMENT=Earth/Sun distances (AU): +1.8188/+0.8135
COMMENT=PSABA
COMMENT=Observer Instrumentation: 0.61m f6.8 CDK/U16M
DELIMITER=PIPE
COMPNAME1=203251.54 -071010.9
COMPRA1=20:32:51.55
COMPDEC1=-07:10:11.0
COMPMAG1=+16.227
COMPCI1=+0.463
COMPNAME2=203300.44 -070957.0
COMPRA2=20:33:00.44
COMPDEC2=-07:09:57.1
COMPMAG2=+14.667
COMPCI2=+0.395
COMPNAME3=203303.40 -071148.1
COMPRA3=20:33:03.40
COMPDEC3=-07:11:48.0
COMPMAG3=+14.388
COMPCI3=+0.389
COMPNAME4=203304.34 -071233.3
COMPRA4=20:33:04.34
COMPDEC4=-07:12:33.3
COMPMAG4=+14.268
COMPCI4=+0.402
COMPNAME5=203301.79 -071405.5
COMPRA5=20:33:01.78
COMPDEC5=-07:14:05.6
COMPMAG5=+14.063
COMPCI5=+0.339
ENDMETADATA
DATA=2456866.003518|+16.043|+0.010|
DATA=2456866.007188|+16.084|+0.011|
DATA=2456866.010845|+16.070|+0.011|
DATA=2456866.014514|+16.084|+0.010|
DATA=2456866.018183|+16.100|+0.010|
DATA=2456866.021852|+16.104|+0.010|
DATA=2456866.025521|+16.128|+0.017|
DATA=2456866.036528|+16.182|+0.012|
DATA=2456866.043866|+16.163|+0.015|
DATA=2456866.048403|+16.141|+0.011|
DATA=2456866.052095|+16.131|+0.011|
ENDDATA
