STARTMETADATA
REVISEDDATA=FALSE
OBJECTNUMBER=70799
OBJECTNAME=1999 VY55
MPCDESIG=1999 VY55
SESSIONDATE=2015-10-06
SESSIONTIME=14:30:00
CONTACTNAME=J. Oey
CONTACTINFO=julianoey1@optusnet.com.au
OBSERVERS=julianoey1@optusnet.com.au
OBSLONGITUDE=+150.341667
OBSLATITUDE=-33.706667
OBJECTRA=23:49
OBJECTDEC=+04
PHASE=+6.66
PABL=+2.7
PABB=+4.2
FILTER=R
MAGBAND=R
CICORRECTION=FALSE
CIBAND=NONE
CITARGET=+0.000
DIFFERMAGS=FALSE
MAGADJUST=0.0
STANDARD=INTERNAL
LTCAPP=NONE
LTCDAYS=-0.006593
LTCTYPE=NONE
REDUCEDMAGS=NONE
UCORMAG=-1.9262
PUBLICATION=
BIBCODE=
COMMENT=Heliocentric ecliptic longitude/latitude: +359.60/+5.48
COMMENT=Earth/Sun distances (AU): +2.1255/+1.1423
COMMENT=PSABA
COMMENT=Observer Instrumentation: 0.61m f6.8 CDK/Apogee U42
DELIMITER=PIPE
COMPNAME1=234954.89 +045341.3
COMPRA1=23:49:54.90
COMPDEC1=+04:53:41.4
COMPMAG1=+13.953
COMPCI1=+0.416
COMPNAME2=234957.00 +045123.7
COMPRA2=23:49:56.98
COMPDEC2=+04:51:23.6
COMPMAG2=+15.072
COMPCI2=+0.350
COMPNAME4=235009.54 +045356.0
COMPRA4=23:50:09.54
COMPDEC4=+04:53:56.1
COMPMAG4=+16.230
COMPCI4=+0.439
ENDMETADATA
DATA=2457302.045685|+17.733|+0.035|
DATA=2457302.052279|+17.806|+0.038|
DATA=2457302.054475|+17.780|+0.037|
DATA=2457302.058877|+17.812|+0.038|
DATA=2457302.063274|+17.739|+0.035|
DATA=2457302.065470|+17.788|+0.038|
DATA=2457302.069582|+17.703|+0.034|
DATA=2457302.071778|+17.765|+0.038|
DATA=2457302.073979|+17.719|+0.037|
DATA=2457302.076175|+17.729|+0.035|
DATA=2457302.078372|+17.664|+0.034|
DATA=2457302.080573|+17.631|+0.033|
DATA=2457302.082769|+17.667|+0.034|
DATA=2457302.084970|+17.617|+0.033|
DATA=2457302.087167|+17.644|+0.034|
DATA=2457302.089367|+17.644|+0.035|
DATA=2457302.095671|+17.674|+0.037|
DATA=2457302.097872|+17.725|+0.039|
DATA=2457302.100068|+17.606|+0.034|
DATA=2457302.102269|+17.681|+0.038|
DATA=2457302.104465|+17.738|+0.041|
DATA=2457302.108863|+17.813|+0.042|
DATA=2457302.111063|+17.778|+0.041|
DATA=2457302.118781|+17.933|+0.050|
DATA=2457302.120982|+17.872|+0.048|
DATA=2457302.123179|+17.775|+0.042|
DATA=2457302.125379|+17.872|+0.048|
DATA=2457302.127576|+17.831|+0.046|
DATA=2457302.129777|+17.884|+0.050|
DATA=2457302.131973|+17.915|+0.050|
DATA=2457302.134174|+17.798|+0.046|
DATA=2457302.136370|+17.908|+0.052|
DATA=2457302.138571|+17.854|+0.048|
DATA=2457302.144223|+17.795|+0.048|
DATA=2457302.153018|+17.766|+0.050|
DATA=2457302.155218|+17.675|+0.046|
DATA=2457302.157415|+17.725|+0.050|
DATA=2457302.164013|+17.678|+0.050|
ENDDATA
